770	767	775
771	767	776
768	769	776
767	765	775
771	767	776
771	765	775
772	767	778
769	764	779
770	767	778
767	769	775
767	766	779
769	768	778
771	769	775
770	766	776
772	764	780
770	767	779
770	763	776
773	764	774
767	764	776
770	765	774
770	769	777
767	766	777
770	763	775
771	769	775
771	765	779
771	765	779
771	770	777
770	763	778
771	762	778
771	770	776
773	765	777
773	766	776
770	769	775
770	766	777
772	763	777
768	762	777
767	766	775
771	767	775
769	767	779
772	766	777
767	766	775
770	766	777
771	764	775
767	767	778
767	768	777
772	763	778
767	767	778
767	769	777
770	765	777
770	765	779
771	771	776
766	765	772
767	769	777
772	766	776
767	765	775
771	763	773
771	768	777
768	767	780
770	769	779
770	762	775
773	766	777
767	766	778
772	766	776
771	766	775
765	765	775
774	764	777
773	767	775
774	768	780
769	766	774
767	766	776
772	765	777
771	765	778
767	764	778
771	768	777
772	768	778
770	766	778
773	765	776
769	762	777
769	767	774
771	767	778
768	766	778
770	765	776
767	767	777
769	766	778
771	770	777
770	767	776
770	767	777
768	761	779
769	767	777
770	767	777
769	763	782
772	762	778
770	766	776
771	766	779
767	766	779
770	766	777
771	767	779
772	764	779
770	764	777
765	766	777
771	767	779
771	763	779
767	767	777
773	765	777
773	765	779
769	767	777
767	768	776
773	766	775
772	770	778
771	769	776
771	763	776
763	766	777
770	769	777
774	764	775
766	765	776
772	766	778
769	768	778
770	762	778
770	759	775
771	768	776
767	766	781
763	767	776
771	767	776
770	769	778
770	767	775
771	767	775
771	765	778
766	769	778
770	769	778
770	765	780
770	766	775
768	767	775
770	765	778
773	769	776
767	765	776
771	767	773
773	762	776
767	767	778
771	766	774
770	762	775
767	765	779
769	770	778
774	767	775
774	764	776
767	766	776
769	764	780
773	763	775
771	767	778
768	763	778
770	767	776
770	763	777
771	767	781
772	769	780
772	763	777
767	766	774
769	766	779
773	766	777
771	765	780
768	766	775
767	765	779
772	768	779
769	766	777
771	767	776
769	763	774
769	766	775
773	765	777
772	765	775
772	767	777
770	762	778
767	772	768
767	767	777
769	765	777
771	767	776
768	766	778
773	764	779
770	766	776
769	764	780
770	768	778
772	766	776
771	767	777
771	764	774
771	765	780
770	765	778
771	768	777
770	767	779
771	762	778
768	768	775
773	767	776
770	766	777
767	768	775
771	765	777
771	766	776
767	771	779
769	764	778
773	761	776
771	767	776
770	767	776
773	765	777
770	765	777
769	767	779
770	766	778
769	766	778
767	764	781
772	765	776
771	769	779
769	767	776
771	765	778
772	767	777
769	766	776
771	767	776
771	765	778
771	766	778
768	766	778
772	766	777
772	764	777
767	767	775
772	767	778
769	762	780
767	764	776
769	766	776
767	764	778
772	769	780
766	770	780
774	765	776
771	765	773
769	768	777
772	766	776
771	770	778
770	766	776
774	763	778
772	764	780
771	767	776
770	766	780
767	768	779
768	763	778
771	767	776
772	763	777
767	764	777
769	768	778
771	767	777
770	769	777
771	765	776
773	760	775
774	765	777
766	764	774
769	767	775
769	770	780
769	766	778
767	769	776
771	763	778
767	765	778
767	769	775
772	765	776
769	764	778
771	767	774
769	767	780
769	764	777
769	767	777
770	767	779
766	766	776
771	767	780
769	767	777
771	764	774
769	768	776
770	765	778
768	767	779
769	766	777
772	764	776
767	764	775
772	763	776
772	763	776
770	764	778
772	767	775
769	765	781
766	766	779
767	764	777
770	765	777
767	766	772
770	767	777
771	767	778
769	767	778
768	767	778
774	764	779
773	766	779
770	769	775
770	766	777
771	767	779
769	768	778
771	765	779
770	764	775
771	774	771
771	764	777
772	767	777
770	769	775
772	761	775
772	766	777
769	767	777
772	767	778
772	762	776
769	763	775
770	769	781
772	767	779
772	767	776
771	767	776
771	762	776
765	767	778
770	765	778
770	764	775
765	769	781
771	767	774
771	768	777
773	766	777
767	765	769
772	768	768
771	762	758
765	769	755
771	765	748
770	762	740
757	765	730
752	767	718
747	750	720
739	754	716
731	746	703
702	712	674
697	706	669
698	706	666
687	705	661
688	693	659
683	693	656
671	689	652
679	684	649
672	680	644
665	683	639
659	679	637
660	669	634
657	671	633
651	662	632
647	663	621
647	656	621
618	637	594
619	637	595
617	629	594
608	626	586
612	617	584
598	624	584
605	615	573
599	614	576
592	607	571
592	607	564
592	599	566
590	607	558
586	596	556
581	594	558
575	587	550
575	589	546
555	561	530
551	562	528
544	561	518
546	551	518
540	549	516
536	549	508
537	555	507
532	546	507
528	544	502
530	535	498
523	536	502
519	539	494
519	526	490
510	525	481
510	525	481
508	516	482
490	500	466
481	504	463
488	497	461
481	489	445
474	491	447
479	487	450
472	484	447
465	484	439
468	478	442
462	473	432
462	474	434
458	469	434
452	467	427
458	468	431
451	463	424
448	464	419
424	449	404
429	441	404
425	436	405
421	436	396
424	428	395
415	431	394
413	433	387
413	425	387
409	422	389
405	425	379
404	417	380
404	418	378
398	415	375
400	410	375
389	405	367
393	408	366
374	391	352
376	388	350
373	385	352
371	383	339
372	388	347
367	380	341
358	381	342
369	369	338
355	373	333
356	373	327
360	368	333
354	371	328
352	366	329
347	359	323
345	363	322
344	361	322
331	338	309
330	344	306
325	341	301
328	335	302
321	337	297
322	334	296
320	331	297
321	330	293
319	334	292
313	322	290
309	330	284
315	326	288
312	320	283
305	323	280
311	317	281
297	314	281
292	309	265
295	302	262
292	303	260
283	299	260
284	298	261
282	295	263
274	294	247
280	292	257
274	291	257
273	292	251
273	287	248
272	280	249
270	285	239
272	286	249
267	281	242
262	279	238
255	269	229
252	268	225
256	264	234
247	264	224
246	267	222
249	263	228
251	258	221
247	255	218
241	254	220
242	252	218
234	256	213
241	255	213
239	249	211
232	251	209
232	247	211
233	244	207
223	234	205
209	236	194
219	235	195
221	237	194
217	229	194
213	226	186
215	232	193
216	224	188
210	225	185
211	226	181
207	221	187
205	223	187
204	221	182
205	215	184
201	213	180
202	218	176
193	207	175
194	207	172
188	208	170
189	208	165
192	201	170
179	205	166
186	206	164
188	201	165
183	196	160
183	197	162
185	199	161
183	199	162
177	200	159
181	192	153
181	192	153
176	194	152
171	189	148
176	182	152
165	185	142
168	186	144
169	184	149
168	180	143
165	185	144
161	182	144
167	176	143
160	178	140
164	179	141
167	171	141
158	173	132
159	176	139
159	172	136
155	174	131
157	167	127
153	167	126
148	161	129
153	162	127
144	167	127
152	164	127
150	165	124
147	162	121
150	159	123
135	157	123
145	163	113
143	159	122
145	157	124
139	155	116
141	156	112
141	153	120
134	149	109
139	149	110
137	149	111
131	143	114
129	150	104
134	150	113
133	145	109
128	142	103
131	143	105
131	138	107
125	144	104
131	146	102
128	142	108
121	139	103
128	139	98
127	142	103
123	131	97
121	132	99
125	133	102
122	142	95
122	133	94
125	129	101
124	137	99
117	134	98
119	128	93
119	131	96
111	134	93
119	131	94
118	132	99
121	132	94
115	136	88
119	134	93
118	129	95
117	124	98
116	131	94
117	136	87
114	127	88
119	132	93
120	130	91
114	129	90
115	132	90
117	122	93
112	130	92
111	133	93
113	131	92
119	126	94
109	133	91
116	130	87
112	131	89
118	132	96
115	129	95
107	128	93
109	129	89
113	129	97
115	129	94
110	128	86
114	129	89
116	131	93
112	125	95
111	129	88
113	127	87
114	128	95
114	126	92
110	134	91
112	132	89
118	129	96
118	125	99
108	132	96
115	131	87
116	129	95
117	128	94
114	125	88
112	130	92
115	135	92
114	127	94
110	132	88
116	133	90
117	132	95
120	124	91
113	128	88
119	135	93
118	131	96
121	129	95
118	130	93
114	130	94
119	134	99
118	130	98
115	131	94
116	131	93
121	132	94
119	130	95
117	136	91
114	134	93
119	136	95
121	129	97
116	135	91
115	136	95
125	123	101
125	135	95
121	132	99
119	140	97
119	137	96
121	132	99
118	134	92
118	137	95
123	134	99
125	131	97
128	132	102
118	139	99
119	137	101
123	137	103
115	136	97
123	137	96
131	140	99
128	138	106
123	141	99
125	140	102
127	143	103
129	141	105
123	142	100
124	146	105
126	140	107
127	144	107
128	144	99
133	137	101
133	140	107
126	147	105
129	145	112
136	147	108
132	145	114
137	146	113
130	150	111
136	147	107
140	147	118
132	153	113
134	157	115
140	148	116
135	147	110
137	156	112
141	156	120
136	149	120
141	153	111
142	149	115
138	149	119
144	159	121
141	163	118
143	162	122
145	160	126
141	159	125
147	161	120
152	159	127
142	161	123
146	165	120
145	162	130
149	162	120
150	170	121
154	163	127
152	161	124
147	167	125
154	163	126
155	169	128
153	167	137
156	170	132
153	175	133
154	171	131
156	172	135
152	173	134
159	172	132
161	170	136
155	173	135
156	176	134
157	166	141
161	169	130
160	174	133
161	178	140
158	171	140
163	172	139
161	173	135
163	181	141
164	176	143
168	177	137
160	179	136
161	180	145
165	178	142
165	181	139
166	177	144
168	177	142
166	181	136
166	181	142
168	179	144
163	181	139
165	181	140
173	187	152
175	190	148
170	181	142
170	189	146
171	188	151
177	183	151
170	192	149
174	189	151
172	185	151
172	188	150
176	189	150
175	187	155
173	189	147
177	190	151
175	191	154
180	192	158
179	199	159
182	195	160
185	196	162
183	199	161
186	203	157
187	194	163
183	200	156
184	201	161
188	201	163
189	200	164
187	201	164
185	205	161
193	199	163
185	204	169
195	207	166
192	199	169
199	211	169
197	213	170
196	212	174
200	209	176
196	210	172
195	214	172
200	211	173
197	216	172
200	214	173
203	213	179
197	218	181
198	218	178
201	214	182
197	216	178
202	221	176
204	221	183
206	215	182
209	226	182
211	223	184
208	218	184
206	224	186
209	226	186
210	225	192
205	222	185
208	224	184
209	225	191
212	225	189
210	226	186
213	219	191
215	226	191
214	228	183
216	228	196
221	228	197
218	231	197
214	236	195
222	236	194
220	234	203
217	229	196
219	238	195
221	238	202
223	237	198
222	234	194
221	238	198
228	235	199
225	235	203
221	241	201
221	238	202
223	238	203
233	248	211
232	246	206
230	248	209
234	244	211
234	247	212
232	250	209
238	247	216
235	247	208
234	250	208
240	253	211
240	249	213
236	250	211
240	251	213
239	247	214
231	257	211
244	250	217
242	254	220
246	258	224
243	260	216
247	261	229
249	256	228
244	262	220
247	263	214
246	260	225
248	264	223
249	258	224
250	260	225
245	265	225
249	266	233
253	262	227
249	264	222
248	267	230
255	267	232
255	268	230
255	273	233
257	268	230
256	272	236
254	275	232
257	270	233
260	270	236
253	275	232
255	264	233
261	272	239
255	275	230
259	279	238
261	273	239
254	274	238
259	270	236
266	273	242
259	284	246
266	282	242
265	279	247
262	279	241
262	284	242
265	280	243
271	277	246
269	284	241
271	277	245
268	286	248
269	284	248
273	277	248
266	283	242
269	286	246
273	283	249
277	288	251
281	292	251
275	288	256
273	290	254
276	292	250
278	287	253
280	289	258
278	294	251
281	286	258
273	290	251
276	297	251
281	295	260
282	295	258
280	299	257
285	294	264
279	294	253
288	300	261
289	302	263
287	301	265
283	301	259
287	303	262
287	298	264
287	308	264
291	305	263
290	298	264
285	303	260
290	304	265
289	305	267
289	308	266
289	304	269
287	305	264
288	307	266
294	302	272
298	313	271
295	314	276
301	306	275
296	314	274
296	311	271
302	311	277
298	315	274
302	318	276
302	310	275
298	315	275
296	316	278
300	310	278
294	318	280
305	311	282
298	316	279
307	316	275
300	322	284
309	317	285
306	319	286
305	321	278
306	320	285
303	322	281
306	319	289
309	319	289
308	321	282
307	312	286
309	320	284
303	325	283
310	324	286
307	318	285
304	322	282
308	326	287
316	326	292
313	325	290
308	328	286
315	324	290
310	328	294
313	326	285
315	327	289
317	328	290
317	331	289
316	326	288
309	328	289
315	331	282
314	330	291
314	331	290
315	332	292
315	331	292
318	329	295
318	333	298
315	332	297
322	329	297
317	331	293
316	333	295
318	333	294
318	335	296
318	329	297
317	331	297
317	338	295
321	333	298
320	333	301
317	335	296
322	331	298
325	332	289
322	339	296
324	341	303
322	333	299
323	336	302
330	335	305
323	335	300
321	338	295
328	340	300
329	341	304
325	342	299
324	336	302
319	335	296
324	339	304
324	336	305
321	346	302
326	343	304
332	340	305
330	342	305
329	344	305
331	342	311
329	342	301
326	349	304
332	344	311
327	347	306
329	346	310
335	346	311
330	346	306
331	343	308
331	343	309
325	347	305
334	348	313
332	348	309
335	343	311
335	353	308
340	355	310
337	349	313
336	355	309
334	351	313
333	347	313
333	351	312
341	351	316
340	346	315
338	352	314
337	350	319
336	355	311
341	349	318
337	345	314
341	355	321
341	352	317
336	354	313
346	356	321
343	353	316
339	357	319
341	350	324
345	359	324
343	355	318
347	355	324
343	356	317
343	357	314
346	356	321
340	357	319
350	359	326
346	354	322
351	364	322
353	355	324
351	360	323
343	362	320
352	363	324
349	361	327
347	363	321
351	365	329
346	364	324
350	365	329
350	366	328
346	360	324
350	361	324
353	359	330
350	363	325
351	366	327
350	364	333
352	370	329
352	362	326
352	366	332
351	367	325
356	370	337
356	365	332
351	369	327
356	373	331
356	366	329
350	372	327
355	372	334
354	370	332
353	371	329
358	366	334
353	370	336
356	372	332
352	373	330
359	367	333
356	370	332
359	376	333
363	374	334
358	372	336
356	369	327
354	375	332
359	372	336
355	377	337
359	373	335
360	369	339
358	373	329
360	372	337
358	371	338
364	374	340
355	370	335
362	378	337
363	372	335
362	375	340
358	378	338
362	375	341
356	375	337
363	376	341
367	369	340
361	371	335
360	372	338
361	374	341
358	375	335
363	377	343
359	375	339
368	382	343
370	373	338
364	379	346
358	382	338
366	380	342
371	379	341
361	381	340
365	385	342
369	381	345
363	380	339
369	383	349
372	380	342
365	385	341
371	381	341
366	383	346
366	385	344
365	387	353
375	385	349
365	387	345
367	387	349
375	382	346
367	387	349
371	384	350
371	385	354
373	389	349
376	383	347
376	384	347
372	384	346
369	375	353
378	387	352
371	384	348
377	385	350
377	388	355
368	385	348
374	391	345
375	391	356
373	385	351
377	388	349
376	383	351
377	383	354
369	391	344
376	390	351
372	388	352
372	389	345
372	386	349
367	393	350
379	389	356
375	388	355
377	388	357
376	393	346
373	395	354
374	387	357
377	389	350
378	392	353
378	387	351
375	391	351
376	389	355
379	388	356
378	390	351
378	391	348
382	389	353
372	390	349
377	392	354
381	392	356
378	391	352
381	389	354
379	387	357
378	391	351
383	392	356
380	394	358
374	392	350
379	393	352
378	389	355
375	397	353
382	392	357
379	391	347
375	397	351
381	397	359
381	393	360
378	396	357
376	401	363
386	394	357
380	396	358
383	394	362
383	396	359
383	397	356
382	397	360
383	391	361
379	399	357
389	393	359
382	394	356
383	396	353
380	397	355
383	391	363
377	394	355
386	398	364
378	396	358
384	394	361
383	400	360
387	399	358
388	395	359
383	395	359
379	398	359
383	392	359
382	402	364
385	397	361
387	392	364
382	393	355
384	398	355
387	398	359
382	400	357
384	391	360
382	399	360
383	396	361
380	401	362
386	399	357
387	395	365
381	400	360
385	402	366
385	397	363
376	403	360
386	395	362
388	397	359
384	398	357
386	401	360
384	395	359
384	399	358
390	393	362
387	398	361
386	401	359
384	394	366
383	399	361
392	403	358
386	399	360
384	401	358
382	405	363
384	397	366
382	400	361
384	402	366
383	399	365
383	398	360
384	402	365
388	400	358
386	402	360
383	400	367
388	397	362
382	399	362
387	401	363
387	399	363
385	406	362
391	398	360
373	397	361
381	399	359
387	399	369
389	399	365
386	399	361
389	397	367
384	398	362
386	400	362
387	398	365
386	396	365
384	401	358
387	402	358
388	400	365
388	398	364
384	400	359
384	396	365
383	395	358
388	401	362
389	382	361
385	399	360
384	394	363
388	394	368
386	400	362
387	397	364
385	396	362
387	399	366
385	402	359
385	400	358
389	400	366
383	399	360
385	398	360
390	396	360
381	401	356
390	400	365
387	398	361
385	400	358
383	391	360
380	400	364
383	398	356
384	399	362
383	399	364
389	402	366
389	393	358
388	399	362
382	402	356
389	402	366
385	399	364
383	400	361
387	397	361
387	400	363
385	401	357
386	405	364
387	403	358
382	398	357
391	403	361
386	399	359
381	402	361
382	404	363
386	402	368
382	399	364
388	400	368
393	401	365
387	403	359
387	405	364
389	400	366
386	408	362
391	403	366
391	398	366
385	403	365
388	401	364
392	395	367
386	402	362
389	399	364
388	401	368
384	396	364
387	402	360
387	404	367
385	397	362
386	401	361
390	394	361
380	399	361
388	403	358
386	402	359
385	397	359
385	398	358
384	395	363
382	400	362
389	403	369
384	397	362
385	398	365
381	399	358
383	399	358
387	395	359
385	397	353
380	403	362
383	396	365
382	397	362
389	396	359
383	395	363
380	396	352
382	395	357
384	396	359
377	397	352
385	397	361
383	394	356
379	397	354
382	392	359
381	389	360
379	396	353
385	395	361
380	394	361
379	396	351
381	396	354
380	392	358
381	393	351
382	395	360
384	392	357
381	393	354
379	389	355
379	395	360
379	396	357
379	395	359
377	392	355
376	390	349
378	397	360
382	390	356
379	398	355
375	389	353
382	392	355
373	395	351
382	392	360
380	390	355
376	394	352
378	387	355
382	385	353
374	392	349
378	392	355
376	388	349
379	386	355
376	390	348
382	393	354
376	391	356
372	389	351
375	392	354
374	389	354
375	392	353
379	387	354
376	388	351
377	395	348
373	387	351
375	393	352
375	393	352
378	386	353
379	384	352
370	389	351
369	387	352
376	388	353
376	388	347
373	390	346
376	387	352
371	391	351
376	388	349
377	388	354
373	387	350
376	387	349
375	383	350
373	390	352
379	393	352
375	386	350
375	391	352
373	380	351
375	388	354
371	389	349
378	391	355
375	386	353
371	389	346
373	387	349
377	385	351
369	392	350
373	392	354
368	388	351
375	387	348
373	385	352
378	390	351
371	389	351
373	388	354
378	387	351
373	393	350
378	394	354
375	389	351
377	392	350
378	385	351
370	390	354
368	389	350
374	389	353
376	391	357
378	388	353
381	383	352
370	387	345
376	392	351
376	388	351
379	392	356
369	388	357
371	393	351
377	393	358
378	393	356
373	389	350
377	385	352
376	385	353
373	391	347
379	392	354
376	388	352
377	394	351
377	387	355
372	392	355
372	388	356
375	385	351
378	385	356
373	385	353
376	392	353
378	390	355
376	388	358
372	389	348
378	386	356
372	394	355
375	391	348
381	389	354
373	390	347
371	394	350
378	386	353
372	394	352
380	391	356
376	388	354
375	393	352
374	393	349
376	382	357
375	390	358
373	392	348
382	386	356
373	389	348
377	389	348
377	394	352
374	391	353
376	395	356
377	388	356
374	389	349
382	388	357
376	385	353
372	390	348
378	395	360
379	389	354
379	389	349
374	392	359
378	387	359
377	388	352
376	391	350
380	393	352
375	393	348
376	392	352
378	387	350
374	396	352
376	388	353
373	388	353
375	390	348
374	391	352
382	387	358
376	391	346
372	392	351
378	386	351
379	394	351
376	391	353
377	386	352
370	387	350
373	390	345
373	383	352
373	392	346
370	386	348
370	388	351
373	392	347
376	388	353
375	385	351
372	383	348
373	387	346
372	388	349
373	382	350
367	389	349
368	382	347
372	384	348
369	389	349
377	382	348
371	385	346
370	386	343
376	383	349
368	386	346
371	387	343
376	382	349
373	389	346
366	382	344
370	381	355
368	384	342
369	387	346
371	388	350
371	385	350
368	387	342
371	384	350
370	383	343
370	387	344
373	382	350
366	383	346
371	389	343
373	380	343
364	387	343
372	389	351
373	380	347
369	386	354
370	387	348
374	382	351
374	383	347
373	388	349
376	387	349
369	384	343
369	389	346
369	384	347
367	393	349
372	387	351
372	384	347
370	383	346
368	388	343
369	386	349
377	389	351
372	387	349
372	387	349
374	385	349
367	389	353
375	386	350
374	386	355
372	382	345
375	389	349
379	382	349
368	390	345
374	386	350
371	384	351
367	387	345
375	388	355
377	383	348
374	382	349
370	384	346
373	391	352
377	384	353
370	390	351
374	394	347
374	388	354
374	390	348
375	389	352
377	388	349
374	392	347
376	388	351
368	383	351
375	392	349
375	388	354
376	385	351
373	387	352
378	389	356
372	389	353
376	392	354
377	386	354
371	395	352
380	391	347
377	389	357
371	389	351
377	387	348
377	387	355
376	391	341
375	385	352
373	393	354
375	392	351
376	390	353
374	391	356
374	389	354
379	392	350
380	391	357
376	393	353
376	395	353
378	385	354
374	390	350
377	392	350
375	389	355
379	394	352
372	391	354
375	388	353
372	386	349
374	390	353
377	386	357
379	389	355
372	390	356
375	389	350
378	391	353
377	390	357
373	392	351
382	388	351
375	390	353
373	393	349
374	387	353
376	387	357
376	392	353
381	381	352
374	385	352
380	388	352
379	384	355
380	385	357
374	387	351
373	389	348
376	387	357
375	383	351
371	392	346
374	388	350
378	388	355
372	387	348
375	384	352
373	383	345
375	390	349
377	383	349
369	393	351
372	387	352
378	384	354
377	389	349
373	390	350
376	387	352
380	390	348
371	392	350
376	388	355
372	385	346
369	389	352
378	384	352
370	391	355
380	386	349
372	384	353
375	387	347
376	385	353
374	385	351
370	389	351
372	389	348
373	385	352
372	392	354
380	384	352
369	392	349
382	391	351
374	388	353
371	389	352
372	389	350
371	382	354
370	392	352
377	388	356
378	383	351
373	386	347
372	388	347
375	385	349
373	383	349
373	393	350
370	387	353
380	383	352
374	388	347
381	392	354
375	387	350
370	390	352
375	388	352
374	387	351
371	390	347
373	385	352
376	386	345
373	389	345
378	384	349
378	390	351
374	385	348
369	388	346
371	382	346
375	387	350
367	392	345
377	389	355
369	386	350
373	389	348
376	383	348
374	385	346
371	389	349
374	384	351
368	387	345
369	385	344
371	389	349
371	389	348
366	385	347
367	384	349
369	383	342
373	379	345
372	384	349
371	385	342
374	383	345
372	383	349
366	386	345
365	379	342
370	382	350
369	380	344
368	376	345
365	377	339
370	384	340
367	380	343
367	383	343
373	380	347
372	382	342
363	383	340
364	377	344
369	382	346
365	383	343
371	383	338
368	379	342
361	384	338
363	383	345
363	377	342
363	382	346
370	380	342
367	377	341
365	379	337
361	382	337
367	379	348
370	378	345
368	380	341
366	378	338
368	379	344
364	380	335
365	383	343
368	379	345
361	380	339
366	375	343
362	381	346
368	381	349
367	375	343
363	377	338
365	379	337
360	378	342
366	379	344
362	381	341
367	375	343
357	377	346
366	383	334
367	383	346
366	378	345
360	379	338
368	373	339
360	373	338
360	377	340
365	379	342
365	378	343
363	379	339
364	370	341
368	378	339
362	382	339
367	375	339
366	384	344
363	379	336
365	373	340
361	376	339
366	382	344
362	377	340
357	375	336
361	373	339
359	372	334
358	377	339
365	368	342
364	379	339
359	376	338
359	372	339
359	372	332
359	380	336
364	375	343
359	380	338
363	378	339
360	373	339
358	373	336
359	377	335
365	372	340
358	372	333
363	373	341
364	371	331
360	375	332
363	371	337
361	377	332
365	370	337
360	377	332
358	373	336
361	370	335
359	376	333
363	380	336
354	371	333
355	375	336
360	370	338
360	371	339
358	371	332
363	371	336
358	371	329
352	371	332
360	373	337
357	373	331
358	372	335
363	371	335
358	368	332
357	376	333
359	368	336
355	375	336
362	373	340
360	373	340
357	371	333
355	373	331
362	373	338
360	377	330
361	372	335
357	369	329
355	376	333
357	371	339
363	372	332
357	378	335
364	371	339
356	374	333
359	377	335
358	373	338
361	374	340
358	371	333
361	371	339
355	374	327
356	378	333
361	374	337
361	375	339
357	372	337
359	372	338
359	372	331
358	378	335
358	381	337
360	372	342
359	371	336
360	378	337
364	367	335
358	373	337
358	375	337
363	370	336
358	373	330
355	379	334
361	369	338
358	375	333
355	367	334
354	369	338
357	373	335
354	377	330
358	376	342
358	373	339
357	376	333
357	374	342
358	371	340
359	379	338
365	370	336
357	371	333
358	377	332
362	374	337
361	371	335
362	377	336
364	371	336
357	370	330
356	374	332
363	369	338
355	377	338
355	374	339
363	374	340
356	374	337
361	376	334
364	367	338
356	377	338
366	379	335
363	372	337
357	374	329
358	374	340
362	376	339
356	375	335
361	370	340
354	369	334
361	378	337
360	376	337
365	378	338
359	378	335
361	377	342
358	372	337
359	375	334
361	375	343
366	372	342
363	374	337
362	370	339
360	373	334
358	378	333
363	372	338
358	377	341
363	375	332
359	370	338
365	372	338
356	380	342
363	378	337
364	375	339
359	374	335
361	377	338
366	376	339
357	382	330
362	375	336
357	371	340
360	377	334
359	375	339
363	375	338
358	379	340
368	374	344
360	374	339
361	376	340
362	379	341
369	378	342
357	378	338
363	379	336
363	371	342
366	381	342
361	378	339
366	375	341
362	377	337
364	379	335
365	373	340
360	380	341
368	380	346
368	377	342
363	382	342
364	380	340
365	377	347
360	379	341
372	383	339
365	380	345
364	381	342
362	375	339
367	376	346
367	380	341
367	373	342
363	379	341
362	381	338
366	378	342
364	381	342
362	383	342
368	384	341
368	379	345
361	382	345
372	380	346
370	381	347
366	379	341
365	386	344
364	382	350
361	382	340
370	383	349
371	380	348
365	386	343
368	379	345
367	379	343
367	385	342
369	382	344
369	377	345
372	381	345
366	384	347
372	383	346
370	384	349
371	383	343
369	380	348
371	378	343
367	384	342
372	385	348
370	380	342
370	385	344
369	380	346
366	385	345
369	381	341
367	383	348
373	380	352
366	382	347
369	387	346
372	381	347
368	386	343
371	386	348
367	377	351
373	383	346
367	388	343
376	382	351
368	386	344
369	388	346
370	378	347
367	387	345
373	387	348
372	382	347
371	387	346
370	387	346
371	384	346
369	386	345
373	391	348
373	382	347
367	384	345
371	383	343
375	383	348
372	385	344
374	379	348
363	379	348
366	385	343
371	388	347
375	386	349
371	387	342
370	384	355
375	382	350
367	383	348
375	383	350
376	387	348
370	387	346
367	389	349
371	379	352
368	385	342
374	386	352
372	381	348
369	388	347
373	381	349
369	379	349
366	383	341
373	386	343
373	380	352
364	388	348
368	386	344
371	383	349
372	385	345
374	388	345
373	381	351
367	381	348
365	386	340
369	387	347
371	381	341
367	382	343
372	380	344
368	385	333
372	384	350
370	379	345
372	383	353
369	380	345
368	385	342
371	388	352
369	382	346
370	386	349
372	382	349
371	388	346
370	386	346
376	383	351
368	384	346
372	385	342
371	384	349
366	382	342
374	388	345
370	386	348
368	386	345
371	383	353
370	381	342
372	389	346
373	383	350
373	389	346
369	383	347
372	382	348
366	383	344
363	385	347
374	386	349
373	390	346
368	383	344
372	383	345
364	387	343
372	386	350
368	388	349
365	384	345
372	382	346
368	380	346
371	386	342
371	388	349
374	383	345
369	384	345
370	384	347
364	380	346
364	382	347
372	385	351
372	382	348
365	384	347
374	378	349
368	380	344
372	384	350
371	383	344
372	382	347
366	381	348
369	381	340
371	386	349
370	381	343
364	388	345
372	383	344
369	378	345
366	384	345
370	381	345
366	383	339
366	379	341
367	380	347
364	383	345
373	385	346
365	386	346
372	379	346
367	380	342
368	386	343
370	382	344
362	377	341
367	383	341
366	378	345
368	385	343
370	384	344
367	377	343
368	381	341
368	383	342
368	378	344
361	380	334
366	380	343
365	375	348
363	380	338
368	384	342
367	376	343
361	383	344
366	382	341
369	378	347
366	376	339
363	378	344
365	376	344
364	378	341
364	375	342
362	378	336
361	378	340
366	374	343
372	383	339
361	382	342
369	379	342
359	379	343
360	382	338
366	378	343
368	376	344
366	382	340
369	373	345
363	377	337
367	377	339
365	375	340
363	382	343
366	381	340
368	377	343
358	376	336
367	382	345
368	379	340
369	378	346
362	376	336
362	380	338
362	378	342
362	386	343
369	379	339
366	377	348
366	376	337
368	380	346
367	377	341
366	376	340
366	374	343
359	374	337
362	376	339
362	382	345
368	378	343
363	380	340
371	375	339
366	378	347
366	376	337
367	380	341
369	379	344
363	381	338
364	376	339
366	378	343
361	379	334
363	381	343
366	375	344
361	381	342
362	374	338
368	378	343
366	384	341
366	375	343
359	380	342
367	382	342
365	373	342
362	378	335
369	382	344
365	376	340
362	377	336
367	374	339
358	376	337
364	382	339
362	379	341
362	383	345
358	378	340
361	378	342
368	372	343
366	381	341
363	378	337
366	377	345
357	373	338
363	379	339
366	373	343
368	377	342
360	375	339
364	375	339
364	377	338
360	378	338
367	375	340
361	382	336
366	376	341
363	374	343
353	378	339
358	378	340
365	377	341
365	375	343
363	376	340
367	372	338
361	374	336
367	379	341
363	374	339
359	372	334
361	375	334
364	371	338
357	380	334
367	379	340
365	377	337
359	376	339
365	372	334
355	374	342
361	379	339
362	373	341
366	376	341
362	383	335
358	377	339
359	372	342
357	378	335
365	374	343
362	374	342
362	376	339
369	368	340
361	377	339
363	379	336
364	373	342
367	376	336
361	381	339
364	372	345
359	379	342
368	378	338
367	372	341
358	375	337
363	380	336
364	374	340
359	379	334
361	378	341
362	370	339
362	380	340
365	371	344
358	371	333
362	381	337
360	373	337
366	376	342
361	375	337
361	375	334
361	376	341
362	380	338
363	376	338
361	375	340
355	373	335
361	375	339
360	374	340
361	376	337
363	371	337
355	373	335
359	376	334
357	375	340
363	373	337
363	381	337
359	376	336
365	369	337
357	375	331
366	379	338
361	372	336
356	377	331
359	374	334
358	370	334
356	376	332
364	376	338
363	374	336
360	377	336
365	371	338
362	374	329
355	379	334
364	375	337
364	374	336
360	380	336
364	371	336
357	375	333
355	376	336
363	370	339
359	375	337
357	372	333
353	369	337
358	377	336
361	377	342
363	370	337
356	375	334
358	373	340
360	373	335
359	375	335
365	376	340
363	377	335
358	376	340
361	373	340
355	374	335
358	372	334
361	370	339
358	377	340
362	377	337
366	376	338
362	373	331
364	377	338
363	374	334
362	375	337
357	375	338
364	374	335
365	376	343
357	380	340
364	382	339
360	374	338
356	372	335
362	373	338
361	373	336
358	375	336
360	374	342
356	372	334
357	373	335
364	371	343
361	377	335
363	378	342
364	377	340
361	375	335
365	381	339
363	377	343
359	379	338
366	381	343
364	378	340
363	381	339
359	375	339
363	373	340
359	377	335
364	376	342
363	375	340
362	380	342
362	377	340
368	377	343
363	378	338
368	382	346
372	380	344
364	379	342
367	380	344
364	374	346
365	382	342
367	375	345
364	378	339
367	384	342
372	378	347
371	383	340
370	385	348
366	379	342
367	381	341
370	384	340
372	383	350
371	379	351
365	379	341
370	386	345
369	379	346
364	386	347
373	384	351
367	378	348
367	382	346
369	382	345
369	379	345
365	387	335
371	384	346
366	381	338
367	382	346
363	386	344
372	383	350
368	382	350
370	388	344
369	384	346
371	382	347
370	382	346
369	389	350
366	382	343
369	383	348
371	379	347
371	384	344
371	387	347
372	382	346
365	382	340
368	383	347
364	382	349
370	389	347
368	386	346
375	384	352
368	386	345
370	385	343
370	383	353
368	387	347
375	387	349
373	384	349
367	383	344
367	381	343
371	383	345
362	388	345
371	380	347
371	380	343
374	386	343
367	387	342
370	377	350
369	381	349
369	383	343
371	384	344
371	383	338
370	387	351
367	381	346
365	383	344
366	382	348
370	382	348
367	382	341
370	383	348
370	377	343
369	386	340
367	386	343
372	384	350
373	380	347
366	387	342
368	380	339
363	385	346
365	386	342
370	382	345
369	382	350
369	381	343
363	368	343
365	379	342
367	383	338
369	380	342
363	379	340
362	382	345
363	382	341
365	387	346
364	376	346
367	381	341
366	377	341
367	381	342
364	381	342
369	386	345
364	379	339
365	380	342
364	379	347
365	382	339
367	381	343
369	380	343
363	383	338
362	375	337
366	382	346
363	383	336
367	383	346
365	378	343
362	379	343
367	374	340
366	376	341
361	379	338
366	379	339
369	380	345
362	379	335
366	375	338
359	375	333
366	377	339
363	379	342
364	381	339
364	381	339
361	378	345
360	374	334
363	382	338
364	381	342
361	374	337
363	380	341
366	373	341
359	376	337
367	374	342
364	376	338
361	379	340
367	369	339
361	374	337
359	377	332
366	378	339
359	375	340
359	374	337
362	382	339
362	375	344
365	375	339
360	378	337
362	375	335
361	375	340
360	379	336
366	379	340
365	376	340
364	378	337
366	376	336
360	371	331
365	376	338
365	375	335
362	374	336
357	376	334
361	378	335
360	371	341
359	377	334
361	370	337
357	374	333
361	380	337
361	373	337
362	378	336
366	377	334
361	369	335
357	374	329
355	374	334
356	370	335
355	377	339
360	374	338
364	376	339
354	375	335
357	375	335
362	372	340
353	375	337
359	372	336
365	371	337
355	373	333
360	373	334
361	371	338
361	377	334
361	372	340
358	371	328
357	375	330
359	369	335
364	375	335
358	378	339
359	370	341
359	373	337
361	374	337
359	370	336
358	377	340
365	377	336
363	373	337
358	374	335
360	378	335
361	375	341
356	375	330
362	374	336
362	375	339
361	375	333
356	375	336
361	382	344
362	378	341
358	380	341
368	372	342
359	372	335
359	375	335
366	377	341
363	374	336
360	374	334
360	381	338
361	377	332
363	380	343
364	378	340
359	381	338
367	375	343
361	377	339
365	376	340
367	383	338
365	380	342
362	376	346
359	381	338
364	380	345
368	380	344
367	378	341
367	376	344
361	377	336
361	383	342
366	370	344
367	383	345
366	382	345
366	376	345
371	381	344
369	383	342
370	383	347
371	379	351
368	382	342
375	380	346
363	381	345
366	389	343
373	385	347
373	383	343
366	382	345
371	380	351
367	383	343
375	386	348
373	384	345
371	381	344
371	386	347
371	382	350
375	390	347
371	389	351
374	385	352
370	385	349
372	387	346
374	378	349
372	388	346
370	388	347
371	385	350
368	385	346
372	388	342
374	384	345
370	389	345
372	383	346
368	380	349
369	381	347
368	386	347
371	386	349
371	382	347
367	389	341
372	378	344
372	382	346
368	389	346
374	382	343
364	381	342
366	385	342
370	377	348
361	383	341
368	381	345
369	380	348
368	382	343
366	379	342
368	378	345
362	380	338
372	383	346
366	380	341
362	382	340
369	379	341
365	376	340
361	379	340
365	381	338
363	380	342
363	380	340
366	377	343
358	379	341
366	380	338
364	373	339
364	376	336
364	380	340
365	373	339
358	374	337
360	377	341
360	373	339
360	375	335
361	375	340
362	375	342
360	378	337
363	375	338
365	373	339
359	373	335
360	370	339
359	372	333
357	377	332
362	378	339
362	374	338
358	373	337
361	373	334
360	368	338
358	377	335
361	371	340
364	374	337
358	375	332
360	370	333
356	372	332
357	371	338
363	374	340
357	368	338
361	373	335
359	377	340
364	374	340
362	374	338
363	381	335
364	373	340
356	377	333
363	377	341
365	373	342
361	376	340
363	373	337
367	372	342
358	378	333
364	379	339
368	376	338
366	381	340
370	376	344
365	379	341
365	382	341
367	377	346
369	383	345
361	379	340
366	376	345
366	377	340
364	379	339
372	379	346
371	387	341
365	382	340
368	380	343
364	382	341
367	386	347
369	384	343
365	385	344
368	383	344
371	384	343
368	382	343
372	385	348
374	385	350
367	382	344
370	384	346
371	382	347
367	386	345
375	382	347
368	378	347
368	386	345
369	376	343
371	383	343
369	386	343
370	382	344
368	378	345
370	378	343
367	385	339
368	384	344
365	383	348
364	383	341
367	383	342
367	377	346
366	385	341
370	385	346
370	380	344
362	383	335
364	374	342
365	383	342
364	379	343
361	374	340
365	371	340
357	375	343
359	374	334
366	379	342
362	375	335
362	381	339
364	370	338
363	375	342
359	378	337
363	371	335
356	375	335
359	377	336
361	373	338
353	380	333
364	377	340
363	370	335
359	374	336
357	376	336
359	371	336
356	378	336
362	374	342
362	368	337
356	375	331
362	370	332
357	371	335
358	376	333
360	374	336
357	371	336
355	370	328
357	369	331
356	376	334
355	374	335
358	370	334
358	369	339
356	370	329
363	364	333
359	372	333
358	375	333
360	370	335
355	368	334
354	371	331
360	368	335
354	374	337
361	372	337
358	366	336
358	367	329
355	373	332
360	369	335
359	372	335
357	374	332
354	368	331
355	370	338
356	371	329
363	371	333
358	374	336
354	379	334
357	369	330
355	368	335
356	373	334
358	369	333
354	369	329
358	372	332
358	367	336
354	373	329
359	369	332
354	371	333
360	366	333
365	368	335
354	375	335
360	373	333
355	370	331
358	372	334
357	369	334
357	374	337
361	373	337
361	372	335
357	375	329
353	372	331
360	367	335
356	373	334
356	373	336
356	371	338
358	375	336
364	369	331
361	373	336
359	377	336
363	374	335
356	371	339
361	373	333
360	366	337
358	372	333
364	372	338
364	375	337
357	373	332
356	373	331
358	372	336
359	373	331
360	374	343
364	368	339
360	381	334
362	377	335
362	370	335
355	378	336
364	376	343
359	372	342
356	376	336
364	371	336
354	370	335
360	378	334
360	374	342
360	376	341
357	375	337
361	381	339
366	378	342
363	379	345
362	380	343
364	374	345
365	378	340
363	376	337
365	373	340
365	378	342
360	381	339
361	372	341
357	379	338
367	379	345
364	375	341
362	380	338
364	375	337
362	381	337
364	376	346
368	378	346
364	380	342
369	377	333
370	381	343
363	381	343
368	381	344
363	375	337
364	381	338
365	375	341
360	381	340
367	384	341
367	380	345
367	380	344
362	383	340
373	385	347
364	385	340
374	384	348
369	383	347
371	386	344
375	380	342
370	383	348
364	383	345
374	383	348
368	379	345
370	388	345
373	386	349
373	388	347
371	385	349
368	383	348
365	382	343
375	387	348
374	388	352
375	388	352
377	386	347
379	387	347
371	385	352
374	390	344
372	386	353
374	389	354
372	390	350
375	386	354
373	387	351
370	389	349
374	388	351
376	393	357
375	386	348
374	394	351
378	392	357
378	391	355
375	394	353
378	387	356
372	388	353
373	392	352
378	391	355
377	389	355
373	393	350
382	389	356
373	394	348
379	389	353
376	388	349
374	392	348
372	384	349
377	387	353
378	386	356
369	394	359
382	393	350
381	390	351
373	395	351
378	390	357
380	383	349
374	389	352
377	386	352
378	388	355
373	392	349
376	388	353
377	386	348
372	389	346
375	384	352
374	388	347
373	387	348
378	388	353
374	389	354
371	390	352
374	382	356
372	385	347
371	388	346
375	382	352
375	390	348
374	378	348
368	387	349
370	387	342
370	388	351
374	387	351
367	388	346
368	382	351
369	381	345
370	385	344
373	387	350
373	384	350
370	386	344
369	385	348
364	387	344
370	383	340
369	383	344
366	385	339
371	388	348
372	384	343
365	387	343
368	383	349
370	380	344
368	378	346
368	386	340
366	383	345
370	377	347
365	379	336
366	380	342
370	380	344
363	380	336
364	377	339
366	380	343
364	381	343
369	376	346
361	377	338
365	378	341
365	373	344
363	378	342
363	378	340
362	379	335
367	374	340
363	376	342
360	374	335
362	374	337
361	375	337
360	379	335
364	370	337
359	378	336
365	376	337
361	375	337
360	376	334
359	368	337
362	373	342
359	374	334
362	370	342
365	379	336
359	377	337
364	373	341
360	379	335
363	376	337
361	375	338
364	373	340
362	378	338
361	375	343
362	378	338
364	375	342
364	372	338
362	379	339
364	370	342
359	371	333
363	378	341
364	375	340
364	375	340
360	381	339
367	374	342
361	380	338
360	379	335
363	374	342
358	379	342
366	380	342
367	372	341
361	373	336
366	379	341
367	375	340
362	377	339
363	376	341
362	374	341
364	377	344
364	380	338
367	382	345
367	380	345
364	386	341
369	377	345
369	379	347
369	379	342
369	380	349
366	377	340
367	378	341
370	374	345
364	382	344
370	387	344
367	377	342
371	385	342
366	386	343
369	377	350
373	385	347
367	386	344
376	379	346
369	384	348
371	379	341
374	385	348
370	390	342
372	388	350
372	382	340
370	389	345
371	388	352
373	384	350
370	384	347
372	382	351
372	385	356
378	392	350
378	387	355
375	393	354
376	394	354
377	390	359
374	388	353
376	389	351
377	386	353
377	395	352
378	393	350
379	392	356
380	391	352
379	396	351
377	392	354
380	395	356
373	395	353
376	394	356
378	389	354
373	400	355
381	392	355
381	392	360
380	393	353
374	391	355
380	387	354
373	394	350
380	392	353
377	392	352
379	394	353
381	385	354
376	391	350
376	387	357
375	390	352
374	390	349
376	389	354
369	388	350
376	391	356
372	390	350
371	393	348
376	386	353
371	382	350
371	386	347
373	380	352
371	380	344
367	386	343
376	385	348
370	383	349
368	385	343
366	380	348
365	380	341
369	384	344
368	378	343
368	383	345
365	379	339
370	377	342
360	378	334
360	376	335
362	373	338
360	382	332
365	376	337
355	374	343
361	378	338
362	377	342
359	370	336
358	374	330
361	373	335
357	374	336
354	374	334
360	366	337
360	369	336
354	372	332
358	367	337
354	371	328
357	373	331
357	365	334
355	375	335
353	374	332
357	366	335
351	366	328
348	371	331
359	374	337
354	365	332
354	365	332
353	371	330
354	369	331
355	369	325
354	372	333
352	369	331
352	371	331
350	364	332
356	368	333
348	367	333
356	369	334
351	369	331
353	367	330
355	369	330
358	374	335
357	367	338
357	371	327
364	372	337
359	375	334
360	374	332
357	372	333
354	372	330
355	376	333
355	373	337
356	373	332
358	375	337
361	374	338
359	377	335
364	370	336
369	373	341
359	378	337
365	380	338
361	378	341
362	379	340
363	372	337
360	377	339
361	380	339
365	375	342
365	375	341
362	379	338
367	373	343
365	381	341
366	380	341
367	379	347
368	381	341
368	389	345
371	382	345
373	380	349
368	387	345
373	382	348
367	387	344
370	386	350
370	383	353
377	385	353
374	385	347
373	384	355
370	386	347
371	391	350
376	383	348
371	393	354
374	389	351
379	387	355
380	388	355
378	392	356
380	397	353
379	391	358
375	393	353
380	396	353
377	391	360
377	396	358
381	396	352
383	394	359
378	395	355
379	395	360
379	391	360
377	397	357
384	392	361
382	396	360
384	393	359
384	402	358
385	400	360
384	396	358
386	401	360
388	393	365
386	403	363
384	401	360
390	396	364
383	398	356
388	401	362
390	400	364
386	405	360
392	404	365
390	397	365
390	408	361
387	405	365
391	399	367
386	405	371
389	407	366
391	401	367
388	403	360
390	407	366
393	400	370
374	405	365
391	404	364
391	401	369
388	400	364
369	407	368
394	405	367
389	405	364
387	407	373
394	403	369
393	404	361
388	407	365
390	404	371
392	400	367
389	404	366
392	403	369
387	407	363
393	406	373
390	400	368
385	406	365
390	401	367
372	401	359
386	404	359
389	403	366
399	400	372
384	399	362
389	404	358
387	404	367
387	402	368
390	400	363
390	398	362
386	400	359
386	399	361
387	398	360
385	400	363
386	398	359
385	393	360
382	399	354
388	398	363
386	399	363
387	396	360
382	394	356
381	395	356
384	394	362
379	396	359
379	396	354
382	394	355
378	386	361
383	393	354
382	391	359
377	392	354
379	394	353
379	389	352
375	391	347
381	393	355
377	391	353
369	387	348
377	386	349
369	386	355
368	389	350
377	383	349
377	385	350
370	389	344
371	382	345
371	384	347
368	385	345
369	383	346
370	380	348
367	385	346
369	380	349
367	380	342
367	382	344
364	374	341
369	377	343
367	379	340
371	377	344
359	381	342
364	379	342
364	374	342
360	378	341
365	380	343
368	376	345
364	376	334
366	374	342
361	377	342
363	377	337
364	370	334
357	374	336
358	377	329
359	378	336
364	373	342
353	369	335
359	375	338
359	368	339
359	373	332
361	373	335
363	374	337
355	375	330
356	369	333
355	372	334
357	372	333
360	369	334
353	374	333
353	375	331
355	369	331
356	371	339
356	367	335
357	371	331
355	372	330
354	366	335
353	371	332
359	368	337
354	367	325
353	373	327
357	373	334
355	369	336
356	371	334
355	366	333
351	370	331
352	369	330
360	366	334
356	372	333
356	369	336
357	369	333
352	371	333
359	368	333
351	370	338
358	371	331
357	372	332
355	373	334
355	373	334
360	370	334
348	366	332
358	371	332
357	370	332
357	372	329
352	376	337
358	372	336
355	374	332
356	371	338
362	371	335
355	374	335
357	373	329
356	369	339
351	374	336
359	370	340
360	370	335
354	370	330
354	370	334
360	372	335
354	375	331
360	373	337
365	368	338
356	378	336
358	371	336
362	367	337
354	374	334
361	373	337
361	371	333
354	374	333
358	373	335
355	368	333
352	372	326
358	371	338
356	366	332
355	375	332
360	369	337
360	372	331
359	370	335
360	376	334
356	371	341
358	371	333
361	369	335
357	373	336
355	377	336
358	368	335
357	371	339
358	374	330
359	372	337
358	373	334
359	375	331
365	370	337
356	374	336
358	373	331
359	370	338
365	378	338
365	379	336
362	374	342
361	376	334
362	378	336
362	374	338
363	381	341
365	379	340
358	378	336
359	378	335
363	377	342
354	381	344
369	380	344
365	378	343
360	378	341
366	381	344
368	377	349
365	383	341
375	383	350
372	383	347
367	383	342
369	385	349
372	380	349
369	385	343
373	387	348
375	384	346
369	388	344
376	382	342
372	385	349
372	389	349
375	388	352
374	385	352
381	387	353
377	392	348
378	394	360
380	390	355
378	395	353
377	391	353
379	390	357
376	390	353
380	392	362
376	393	354
381	392	354
380	388	358
382	398	359
385	394	357
381	391	357
386	397	356
380	398	357
383	399	356
381	398	361
378	396	356
386	395	362
381	392	354
379	397	353
383	394	356
381	399	360
377	397	358
380	394	361
375	390	355
380	394	357
381	388	357
378	401	353
373	393	352
381	393	360
373	392	351
378	394	352
377	389	355
382	394	352
377	395	355
375	385	351
373	392	354
379	387	354
377	389	350
377	395	346
376	386	351
375	386	350
371	391	347
376	389	353
344	381	350
369	383	346
370	386	345
371	380	348
371	384	347
371	383	345
372	381	347
361	385	341
368	383	340
366	379	341
363	385	343
368	382	344
364	378	346
362	378	339
363	378	341
364	375	343
367	375	339
358	377	337
361	378	336
359	377	339
356	375	333
359	374	339
361	372	342
360	372	337
362	370	337
361	373	336
359	372	337
361	373	337
330	372	335
356	372	335
358	365	334
356	369	330
351	372	334
357	369	335
354	366	328
354	370	333
358	366	332
353	372	324
358	373	334
355	366	334
354	370	328
358	367	331
351	368	329
348	373	322
353	371	332
355	366	327
349	368	330
351	362	330
355	369	327
351	372	329
355	372	333
357	370	332
353	372	331
360	362	332
351	373	333
360	369	331
356	366	330
350	371	330
354	373	329
358	365	334
350	371	325
358	368	332
354	366	335
355	371	324
355	370	333
357	372	335
355	371	336
352	372	333
359	366	333
351	365	332
353	370	331
356	370	330
359	368	329
355	370	327
355	368	334
349	368	322
352	371	329
352	369	330
349	372	327
351	367	331
353	365	333
356	369	334
353	369	327
358	369	331
358	364	334
352	367	328
353	370	332
354	368	336
356	372	332
353	365	338
352	367	330
353	369	331
354	362	331
355	371	332
354	370	326
359	369	334
360	375	331
354	371	330
357	372	334
355	375	334
354	372	332
361	370	337
353	367	331
358	373	330
360	367	334
357	376	328
362	374	338
361	373	336
357	372	327
358	368	335
360	374	336
360	371	335
360	374	338
358	376	332
359	376	337
360	371	336
352	373	332
362	375	344
362	374	339
359	371	332
362	376	332
363	372	338
359	377	335
362	375	339
362	370	334
359	380	336
366	372	338
360	372	331
357	378	334
363	376	341
363	374	339
359	379	337
359	373	337
366	375	343
363	374	334
362	375	337
364	374	340
358	381	334
363	374	339
365	381	340
366	381	337
364	378	341
358	374	339
358	375	338
361	379	339
364	379	343
366	378	344
362	379	336
363	377	341
363	383	334
365	376	341
362	374	341
364	382	342
365	370	339
362	377	344
363	374	338
365	376	340
363	375	341
363	382	343
369	374	345
366	381	337
364	384	342
366	376	343
363	382	339
369	381	346
371	377	345
367	379	338
363	380	345
366	376	344
366	384	340
370	376	339
364	379	343
363	378	337
365	379	341
364	381	345
364	382	338
368	379	349
367	376	342
368	382	342
369	379	344
363	384	343
366	383	347
369	379	343
366	380	345
369	379	341
366	376	339
365	380	337
370	383	348
370	379	343
363	385	339
367	381	348
367	377	343
367	378	347
367	384	342
362	381	341
367	375	340
362	379	341
368	380	344
365	373	342
363	383	338
367	371	340
362	357	340
367	382	341
367	374	343
356	372	341
359	377	335
364	375	340
361	378	336
362	373	337
357	377	338
360	374	335
365	371	339
354	375	332
358	377	336
361	359	340
360	375	338
354	370	333
356	365	335
352	368	335
354	371	336
355	368	337
358	370	333
357	369	333
353	366	329
352	370	328
355	375	333
357	364	332
352	374	330
358	367	330
350	366	333
349	369	327
352	369	330
354	365	328
349	365	325
354	364	330
349	364	326
349	365	329
351	361	328
347	365	321
351	368	329
345	360	332
350	363	322
346	365	324
351	367	326
350	360	326
345	366	327
350	360	330
348	359	320
346	364	325
352	363	329
349	360	324
351	356	326
340	358	318
347	361	323
352	363	325
345	363	320
351	362	326
348	360	319
346	359	325
344	359	322
348	360	328
343	356	321
338	357	322
346	362	322
346	358	325
345	357	315
346	359	321
345	359	319
345	359	319
350	352	318
340	360	320
342	360	317
343	353	322
346	357	323
340	358	319
349	352	321
342	357	323
342	358	318
347	360	324
348	357	327
341	359	319
343	355	326
344	359	320
347	360	326
347	359	326
345	358	319
345	353	321
348	357	324
349	364	320
339	365	330
349	361	325
348	364	323
347	364	321
347	365	327
348	364	326
349	361	328
351	362	328
348	365	323
350	363	328
347	362	325
350	365	327
351	362	330
349	368	330
352	364	326
352	360	331
358	364	332
348	368	326
358	366	335
357	369	333
355	366	326
351	372	331
356	366	334
351	369	333
357	367	338
354	366	329
350	368	330
360	364	337
352	375	337
357	369	332
357	368	336
360	374	338
361	371	333
364	372	337
357	376	332
364	375	343
358	373	339
361	371	335
359	374	335
362	370	339
359	376	333
362	373	340
366	369	339
359	375	335
363	372	338
357	375	329
366	378	339
356	381	342
365	378	340
367	384	341
368	373	338
363	377	341
370	380	342
363	374	344
362	377	339
362	376	341
365	372	342
357	380	333
365	379	340
365	377	343
364	377	338
365	370	338
360	373	340
367	372	344
360	383	338
365	372	343
359	378	343
363	376	336
366	379	346
367	379	343
364	376	340
366	371	338
361	374	333
360	375	336
365	371	339
360	376	338
364	373	340
357	372	334
358	376	333
358	377	334
362	377	340
363	375	337
360	379	340
368	372	343
359	376	337
363	376	334
363	375	340
360	374	336
361	375	336
362	372	336
358	373	331
362	374	340
362	369	336
359	378	337
362	370	339
362	372	335
359	374	335
361	370	337
361	373	334
361	377	334
360	370	334
355	373	333
358	373	333
356	366	335
355	377	331
360	372	331
354	373	335
358	373	334
359	375	340
358	371	333
353	372	332
360	373	341
356	369	330
360	374	336
363	372	337
359	377	338
356	377	338
360	371	337
354	369	332
358	370	334
359	366	337
349	373	335
361	374	333
359	369	336
361	370	333
359	370	335
362	371	336
359	373	339
361	375	335
365	374	340
355	374	336
361	378	337
365	369	340
353	378	335
363	378	334
352	373	337
360	378	332
365	376	337
364	379	340
361	378	339
364	378	340
363	375	335
360	378	338
368	377	341
361	380	338
363	379	343
363	377	343
364	377	335
362	381	342
361	375	341
362	380	340
368	377	342
365	375	341
362	378	339
366	374	342
362	377	333
367	379	346
368	377	343
364	386	341
365	382	344
368	377	345
363	381	340
367	382	345
371	378	343
364	384	341
363	383	345
365	377	345
366	384	342
371	379	347
370	381	345
368	385	339
375	380	344
368	382	345
364	383	342
372	385	346
369	381	348
368	382	343
367	384	345
372	386	351
372	385	348
368	385	346
371	385	349
370	383	342
372	386	343
375	383	343
365	385	342
369	388	348
366	385	339
368	386	342
370	382	349
372	389	347
378	384	352
368	387	351
372	381	347
377	385	348
368	387	348
376	388	352
371	384	349
370	386	347
373	383	353
372	389	352
378	389	353
378	386	353
373	384	352
373	387	353
374	383	350
372	389	343
370	391	351
378	387	353
374	389	350
374	392	349
376	384	355
371	392	356
376	390	348
377	392	353
375	389	352
374	390	348
373	386	355
373	390	352
378	386	353
372	387	350
375	393	353
380	385	358
379	388	352
374	394	350
380	389	357
378	392	355
375	394	352
376	391	357
372	396	355
378	396	354
382	387	355
379	394	353
377	391	350
376	391	356
375	393	357
378	389	357
381	389	359
377	391	352
375	393	352
378	395	359
378	387	358
373	394	355
378	388	353
379	393	355
376	393	349
380	392	357
375	386	351
376	394	356
379	383	351
380	393	354
367	392	354
376	388	358
371	389	351
375	390	350
374	389	350
377	391	354
375	384	353
373	393	353
377	387	348
379	386	353
373	391	347
376	388	353
375	386	348
371	386	347
373	381	354
373	391	354
378	387	349
377	380	350
372	386	346
369	389	345
376	385	342
368	390	349
372	384	349
371	384	351
368	383	342
377	387	344
366	382	345
369	383	343
372	389	349
372	385	346
369	385	343
372	383	348
363	384	342
370	383	345
369	382	348
369	381	342
364	381	344
364	379	336
368	376	339
367	380	344
367	377	346
365	383	341
368	375	345
361	380	342
362	382	338
365	379	341
363	380	342
362	378	338
365	374	339
359	376	334
361	377	339
366	377	343
365	372	345
364	377	334
359	382	339
361	373	340
362	378	341
363	374	335
363	372	343
363	373	333
358	377	338
365	376	339
357	375	333
362	370	339
355	375	334
359	376	332
359	370	336
356	377	336
360	376	339
361	376	331
361	374	340
354	374	334
360	373	334
359	370	332
353	375	336
361	377	336
359	370	340
355	374	329
362	371	339
361	372	337
357	371	333
358	370	331
362	370	338
356	374	332
357	376	339
361	372	338
357	372	331
359	379	337
359	368	340
355	376	334
362	377	342
364	368	337
360	375	334
361	369	336
361	365	335
358	375	336
364	370	334
357	372	331
359	375	335
362	373	335
366	374	332
362	375	341
363	371	338
358	374	333
361	375	332
362	376	340
356	381	332
363	374	339
362	373	340
361	377	340
366	370	334
355	378	338
357	378	333
362	378	337
359	379	336
358	380	338
364	380	338
358	374	339
364	381	336
360	375	335
367	372	341
359	373	334
359	375	333
359	375	337
357	377	336
360	373	342
354	375	338
356	375	335
361	369	340
360	375	337
360	374	336
363	371	338
364	379	339
361	375	333
364	373	341
358	377	338
364	376	342
359	373	338
356	371	338
362	375	335
360	368	342
361	372	333
364	373	340
363	373	339
360	375	336
358	370	335
354	370	334
361	375	337
358	366	336
362	375	340
357	378	341
367	369	339
360	375	337
361	377	337
364	377	339
359	377	338
362	375	335
362	367	339
358	377	338
366	378	341
362	374	338
358	379	332
358	375	337
359	372	338
362	378	341
361	380	334
362	371	342
357	373	339
362	377	336
364	376	341
363	374	342
361	376	339
363	376	341
359	379	335
361	375	338
363	372	340
359	382	341
365	377	343
355	371	342
361	377	338
362	378	340
365	378	342
364	375	343
361	381	338
363	378	341
362	376	342
359	376	335
364	373	342
360	376	341
363	378	340
363	373	344
361	377	336
370	375	342
363	375	339
365	382	336
369	372	335
365	376	343
365	382	335
367	378	346
362	375	343
364	379	340
368	372	341
362	377	343
365	377	337
364	379	339
365	380	343
363	380	337
366	373	338
361	373	337
364	381	343
366	379	344
362	379	343
364	382	344
367	374	341
365	380	340
366	378	344
368	377	346
362	385	342
368	377	344
355	377	345
362	382	336
367	378	340
366	379	340
364	378	340
369	374	340
362	376	338
363	380	336
365	375	343
366	376	345
359	383	339
365	382	340
365	376	339
362	386	345
369	378	338
366	379	343
361	378	338
361	381	341
366	376	343
360	385	338
368	375	343
366	377	338
365	379	340
369	376	345
366	378	342
366	380	341
363	379	341
363	383	343
364	377	346
363	378	340
367	381	339
368	380	343
363	380	340
366	383	346
367	379	341
360	380	341
363	373	342
360	377	338
360	377	337
366	374	340
358	382	345
364	379	340
370	378	342
362	380	342
361	378	342
368	376	347
365	379	341
367	383	339
367	381	345
361	379	338
361	378	339
366	377	347
361	380	344
372	380	342
365	375	343
363	382	342
369	382	341
366	376	343
364	382	349
372	379	342
371	383	343
364	379	339
371	384	348
370	383	342
364	382	345
364	380	340
364	377	346
365	381	339
369	383	347
370	377	342
369	386	338
369	377	343
365	379	341
370	386	346
369	384	345
372	377	343
367	381	338
363	385	343
369	377	341
365	381	346
365	384	341
370	379	348
365	380	343
367	379	340
367	380	343
367	383	341
370	380	340
363	380	340
364	381	339
366	384	343
372	386	351
371	380	347
368	384	342
369	384	342
373	382	342
367	386	344
372	383	350
362	381	342
369	384	342
369	378	347
366	386	344
370	385	350
371	378	346
370	378	343
368	382	343
371	382	350
369	386	344
371	386	351
371	383	349
368	382	342
370	387	349
367	381	348
370	386	343
373	386	350
372	382	352
368	389	348
377	379	346
372	388	349
372	387	346
372	383	346
368	386	346
366	391	346
376	385	352
368	390	346
369	386	353
376	383	349
371	388	350
372	386	349
373	385	347
368	388	343
374	391	352
372	387	352
369	392	348
373	386	350
371	385	353
368	388	350
371	386	350
378	386	353
369	389	351
373	391	353
379	391	349
379	387	350
375	391	352
380	388	356
370	385	347
374	390	352
378	388	355
371	390	350
378	394	351
376	386	350
371	394	349
378	389	356
376	388	354
378	389	353
372	391	351
372	389	351
380	382	353
377	390	352
372	392	350
380	389	351
379	387	356
376	396	349
377	388	352
372	386	350
374	390	348
375	386	353
373	394	354
379	391	356
377	388	350
379	387	354
376	390	349
380	388	354
376	395	355
373	392	352
376	387	357
377	385	351
374	392	352
381	389	355
375	395	353
379	392	348
376	388	351
373	392	349
373	393	351
376	386	353
372	389	351
373	392	349
378	387	356
378	387	347
379	396	349
375	390	357
375	394	353
376	387	356
380	385	355
377	394	352
382	392	357
378	389	352
374	391	348
378	385	352
374	388	348
375	392	354
381	383	353
378	386	356
377	390	351
374	390	353
379	383	351
376	395	350
376	394	352
379	389	355
374	390	348
377	390	348
379	388	353
365	394	354
380	389	347
373	387	353
373	391	349
374	392	356
377	388	355
376	387	354
375	388	348
376	391	347
375	394	352
376	391	352
371	391	353
374	386	353
372	384	351
372	386	348
377	385	350
374	395	350
372	382	351
371	388	351
372	391	351
377	386	352
377	385	350
370	385	349
369	386	348
375	386	351
375	387	350
371	391	349
376	384	351
368	383	343
369	389	351
374	381	349
372	388	347
370	385	343
375	383	351
365	380	342
365	387	345
371	382	346
363	384	345
371	383	349
370	383	344
366	389	344
370	372	344
366	380	348
367	381	344
370	382	345
371	379	337
364	383	343
371	379	347
368	379	342
368	381	341
370	378	342
367	380	342
365	385	342
368	381	344
369	379	338
366	378	348
369	377	343
369	385	342
365	375	343
366	381	345
363	379	338
368	381	346
368	380	344
364	380	341
364	374	342
361	375	335
363	380	342
367	369	341
366	379	340
368	373	340
365	377	341
365	377	341
360	379	337
367	377	340
365	381	341
363	380	337
360	371	343
365	380	343
364	375	338
363	374	337
363	376	335
365	378	335
365	373	338
363	379	335
365	379	339
361	375	342
366	377	338
364	373	335
363	375	340
357	379	340
365	375	342
363	377	340
365	379	338
362	373	339
362	376	334
363	378	338
367	373	341
363	377	333
359	372	336
354	375	339
359	377	332
360	377	337
365	374	341
361	380	336
363	371	341
368	377	336
361	376	333
364	375	338
362	376	337
359	377	339
364	374	343
356	371	340
361	379	340
362	372	341
358	375	334
360	376	339
366	372	338
357	375	335
361	376	337
367	376	343
365	374	340
360	384	335
365	375	340
357	373	340
358	379	339
368	375	342
365	375	338
363	379	339
366	373	344
359	375	343
371	377	338
364	376	339
360	371	333
359	377	336
362	381	337
367	374	343
364	381	342
365	380	340
363	377	345
365	376	337
363	378	339
367	377	338
363	379	338
361	377	339
362	375	344
360	381	340
368	381	344
365	378	345
360	380	342
362	374	346
366	381	338
363	380	341
366	376	345
366	383	343
360	382	341
365	379	345
359	374	337
363	380	341
368	374	342
359	377	342
369	383	342
359	378	344
363	379	335
365	377	340
364	376	337
362	378	338
363	377	342
365	378	342
364	378	339
371	378	340
364	380	341
365	382	344
365	377	341
359	374	336
361	377	339
367	373	346
362	380	340
370	377	343
364	378	344
362	382	342
363	372	342
367	374	342
369	377	345
361	383	337
365	375	344
365	374	342
364	384	336
367	381	345
367	375	339
361	383	341
365	374	341
357	374	342
359	382	340
368	376	340
362	377	340
367	381	341
370	377	342
361	379	334
366	383	343
366	383	342
371	376	342
362	382	343
369	380	341
367	379	347
366	378	343
366	379	340
366	377	342
366	383	338
369	379	344
365	380	343
365	386	343
374	375	339
364	380	344
361	384	337
367	376	347
369	380	344
368	386	346
369	376	348
363	380	344
366	386	343
368	381	345
370	382	346
365	384	342
369	379	343
364	381	341
369	381	349
370	380	349
367	380	342
368	375	343
362	378	344
369	380	342
369	384	346
368	383	349
364	382	347
370	379	340
368	380	346
370	386	344
371	382	347
371	381	346
367	384	340
368	377	343
363	383	344
364	382	342
370	377	347
367	384	347
367	386	343
366	383	342
374	381	345
368	385	350
370	386	351
368	379	347
369	383	343
366	384	344
369	380	346
368	387	341
374	386	346
368	384	338
365	382	344
367	382	346
369	384	346
368	384	346
370	381	344
368	379	345
370	385	346
361	386	349
374	383	347
366	382	346
365	383	346
371	381	349
370	383	349
372	385	348
375	383	346
366	383	340
367	385	343
371	374	347
366	386	344
369	382	342
370	382	351
372	383	345
369	387	344
371	380	349
372	382	347
371	389	346
372	379	348
365	388	344
367	387	348
368	380	352
367	386	348
370	383	345
370	380	345
368	388	342
369	387	349
372	383	350
365	387	344
367	383	343
370	381	349
367	388	349
376	382	349
374	385	350
367	381	342
367	389	348
372	382	348
363	383	346
372	385	351
374	380	347
367	385	345
367	373	345
373	383	345
369	386	344
373	386	349
374	381	351
367	381	343
369	383	345
369	383	352
371	381	345
372	388	343
375	382	347
363	384	340
365	385	341
368	380	345
371	387	346
364	384	344
370	382	351
366	381	342
369	383	350
372	383	347
368	384	348
371	385	342
376	382	347
371	380	348
370	383	346
373	383	348
364	385	343
371	384	348
370	382	347
362	385	345
373	384	347
371	382	351
368	381	343
369	385	348
371	380	347
366	383	341
368	383	347
370	386	349
369	391	346
377	379	349
374	384	352
370	386	348
375	382	345
374	386	350
370	385	343
374	381	348
362	379	351
377	382	343
374	383	350
366	384	345
370	383	344
370	383	351
375	382	347
369	387	345
375	386	349
373	382	350
367	388	344
369	382	354
376	383	347
370	387	347
374	380	348
366	381	348
367	388	343
371	384	346
370	383	348
369	388	346
372	384	346
367	385	340
367	388	340
373	383	350
375	383	351
368	381	343
369	386	348
369	378	349
363	386	349
373	384	351
372	379	347
367	380	341
370	385	344
371	384	346
369	383	344
367	377	347
365	381	343
368	386	343
363	384	342
368	382	348
372	380	348
365	383	345
370	378	343
369	380	347
366	386	343
372	380	344
367	381	339
365	379	341
366	378	347
363	386	340
367	386	347
368	382	344
366	382	344
371	377	343
369	378	347
366	385	339
366	386	346
367	378	343
364	381	341
368	374	341
367	377	344
366	379	335
371	383	343
366	375	339
362	383	340
369	376	342
361	380	341
368	376	339
365	370	339
360	373	338
364	381	342
368	372	344
360	372	339
364	375	342
365	380	342
361	378	338
365	373	336
356	375	340
358	379	339
367	374	339
363	374	340
363	375	339
362	372	339
360	372	335
359	372	337
364	372	341
365	376	339
361	379	336
360	368	338
361	373	341
354	376	332
366	378	338
365	375	337
360	379	333
363	371	342
358	374	337
357	374	336
360	376	338
359	377	338
359	374	336
352	374	338
356	376	334
358	379	337
364	372	340
360	368	333
356	376	332
362	375	336
361	381	334
358	376	336
361	374	338
359	374	335
357	373	333
358	369	338
357	376	334
361	373	341
356	372	339
355	376	334
363	370	336
361	373	327
359	376	335
362	374	339
361	375	337
356	373	337
362	370	341
357	370	335
356	374	333
363	375	339
359	375	334
357	376	334
359	372	334
353	374	330
359	373	334
361	370	336
356	376	331
360	346	338
353	373	329
356	376	333
363	376	337
360	373	336
359	378	337
362	374	337
360	373	331
362	376	336
365	371	339
355	378	331
363	376	340
363	371	337
355	370	334
357	377	336
363	372	338
357	375	339
360	379	335
361	372	342
360	372	337
361	374	336
365	370	339
358	377	337
357	373	332
361	373	341
359	377	337
363	372	343
363	369	337
363	372	336
365	370	341
359	370	335
361	375	334
364	375	340
354	375	339
335	378	335
365	375	339
358	377	337
362	378	338
363	371	342
359	378	339
367	375	338
363	373	336
356	374	331
361	380	340
364	377	339
359	375	333
363	373	336
358	371	334
356	378	336
367	373	335
364	375	338
358	380	341
360	375	340
356	373	335
362	376	338
361	376	343
362	378	339
366	373	338
369	371	337
361	377	340
361	366	338
366	373	342
356	375	333
363	372	340
366	377	344
357	377	332
358	378	340
360	377	338
363	376	339
361	379	339
362	371	343
363	373	335
360	376	334
361	375	337
357	377	338
360	377	337
357	377	338
358	376	336
364	376	343
359	373	340
364	376	338
358	381	336
361	374	334
360	372	335
360	380	338
365	377	341
357	371	338
361	378	338
365	370	339
359	374	338
364	372	342
360	369	339
359	375	337
360	373	336
357	372	335
356	373	332
363	373	343
363	376	336
361	377	335
368	373	335
356	376	337
360	380	336
364	373	340
364	379	338
357	374	335
364	374	342
361	377	334
366	376	341
361	375	338
361	379	335
363	371	333
356	375	334
363	378	335
363	378	341
362	376	342
356	378	340
365	373	342
359	373	336
362	374	336
366	369	339
358	381	340
364	375	340
361	373	335
362	380	333
359	368	337
359	370	337
362	378	342
366	372	341
365	371	338
361	376	335
362	378	342
365	371	337
362	380	341
367	376	336
363	376	339
362	379	338
360	376	343
360	373	341
358	374	336
362	374	340
357	371	338
361	376	338
363	373	344
360	377	333
362	373	344
368	377	339
359	382	339
362	371	342
362	372	342
362	377	333
367	381	342
364	375	341
363	377	336
366	372	338
361	374	333
363	379	333
363	372	342
360	378	339
366	374	341
355	374	343
363	385	341
362	379	344
368	375	343
365	381	341
370	376	344
360	375	335
362	380	340
364	382	346
366	383	343
362	379	343
367	376	346
365	378	343
367	377	339
369	377	342
365	383	339
366	382	341
374	381	347
363	377	344
368	385	342
370	384	342
371	378	341
365	384	341
371	383	342
363	382	344
362	382	340
366	378	344
361	380	340
368	376	346
363	381	331
365	380	342
369	384	345
367	388	347
371	378	348
368	387	342
367	384	348
373	378	345
362	384	348
369	378	343
368	379	350
370	382	342
368	384	347
369	381	345
370	386	346
374	382	348
366	381	340
368	382	342
368	382	345
369	385	346
366	383	347
368	380	351
368	380	343
372	388	347
371	383	348
367	384	349
369	383	347
375	379	347
368	383	344
371	385	345
371	384	344
362	384	347
369	379	345
364	382	347
366	382	343
371	386	345
373	386	351
374	392	346
369	389	347
375	381	348
368	388	346
372	386	349
371	383	348
371	390	345
369	380	343
371	381	351
366	382	345
372	388	349
371	382	350
368	384	348
369	381	349
365	381	342
374	387	350
372	390	345
376	386	354
364	381	346
371	384	348
375	381	348
373	389	349
369	384	346
370	382	348
371	382	342
367	389	346
368	381	346
366	388	345
373	383	353
363	379	343
369	387	347
367	384	348
375	383	349
372	383	348
370	385	349
373	381	346
370	383	349
371	386	345
368	383	349
368	386	345
370	386	345
370	380	347
364	385	344
370	384	353
368	381	345
369	386	345
370	379	347
373	384	344
369	383	345
368	384	351
372	382	351
369	386	349
374	378	349
364	382	341
373	387	344
372	373	349
370	386	343
366	387	344
369	383	351
364	384	345
368	384	349
372	386	347
371	385	347
366	385	343
371	383	350
368	384	343
376	387	350
369	385	348
367	388	347
369	382	344
369	383	348
367	384	343
373	383	347
375	385	349
368	382	346
374	380	350
366	382	339
371	383	342
368	386	345
370	385	349
370	382	350
367	388	346
375	384	349
371	385	348
372	391	347
373	381	348
367	383	345
368	382	346
371	371	349
372	389	351
368	389	346
372	383	346
367	383	340
367	387	348
370	383	350
374	382	352
371	387	346
373	379	346
365	383	353
367	387	343
377	382	345
364	385	344
369	384	345
372	378	348
370	385	349
372	386	346
372	384	344
370	388	345
368	381	344
369	380	345
364	387	343
369	377	347
371	380	351
369	385	346
375	379	345
365	380	344
367	386	341
368	387	348
371	381	345
368	381	345
371	377	347
362	379	337
371	385	350
370	382	343
364	386	342
364	382	344
372	384	343
371	386	344
367	377	347
368	382	344
370	383	341
371	378	348
363	378	340
363	383	343
370	375	344
368	382	341
369	385	339
372	380	347
364	376	341
365	379	340
367	377	344
361	385	338
365	383	347
363	376	346
363	377	341
363	384	340
363	381	340
366	384	340
367	383	342
367	378	343
359	376	336
361	379	345
366	378	342
361	379	336
368	376	340
363	380	340
364	382	337
366	377	340
363	377	342
359	375	340
364	376	344
359	375	335
363	378	338
364	370	338
363	379	341
365	378	338
365	373	336
359	374	335
362	376	335
363	372	336
356	378	334
363	375	335
363	374	337
363	378	337
364	373	340
364	373	337
360	374	335
361	371	338
358	380	338
361	374	334
361	371	339
359	374	328
361	373	335
358	373	339
355	370	336
358	375	337
360	370	340
357	378	336
361	374	340
361	372	340
359	372	332
360	374	335
361	370	338
357	377	337
358	375	335
360	370	341
355	374	333
357	371	332
359	370	339
354	376	331
363	369	337
357	369	332
357	371	327
356	369	332
355	372	334
355	373	334
359	371	338
360	367	339
353	372	328
358	371	333
357	371	334
357	371	337
358	371	331
361	367	337
349	372	332
361	370	336
359	366	333
353	371	330
355	373	335
359	369	338
355	372	333
360	373	336
358	375	337
358	372	336
361	372	340
357	373	331
361	376	333
361	369	334
353	379	339
355	375	337
362	369	336
357	369	331
358	376	336
363	374	338
361	378	335
364	373	340
358	370	328
357	375	337
357	379	337
360	372	340
360	379	338
362	373	340
356	375	339
363	373	335
361	371	341
356	380	336
364	375	334
359	373	337
355	375	335
363	370	333
361	371	339
358	375	332
362	379	340
360	374	337
358	380	337
361	378	338
362	377	343
363	377	341
360	381	339
364	374	340
359	374	341
364	375	334
362	376	338
362	375	340
363	380	339
364	372	339
358	379	334
361	381	340
363	376	338
359	380	335
367	372	341
367	374	343
360	374	340
363	379	338
366	375	342
355	375	338
363	373	336
365	371	339
361	379	335
365	380	340
363	372	340
360	373	336
367	368	340
359	375	340
362	378	338
362	372	336
357	375	337
360	376	344
364	372	341
363	378	339
358	381	340
363	373	339
352	377	343
367	375	338
365	378	339
363	379	336
359	378	338
362	375	338
359	377	339
366	374	342
361	377	337
359	377	337
361	371	339
368	380	333
368	379	339
366	376	346
365	373	337
363	380	341
368	377	341
362	379	334
364	382	343
367	377	341
360	381	338
360	373	341
360	376	343
361	378	334
362	375	339
362	375	340
363	380	343
364	378	344
369	374	340
364	385	343
362	379	341
368	376	344
363	378	340
366	379	342
365	375	339
368	381	341
372	376	343
365	377	340
368	379	340
368	375	340
364	382	341
369	376	346
367	375	343
372	387	342
365	378	342
368	378	341
364	387	341
370	382	344
367	381	348
370	382	341
366	377	343
368	381	342
365	383	342
368	385	345
370	382	351
364	382	343
369	379	348
366	381	343
374	381	347
370	382	347
370	384	347
369	385	343
373	382	344
367	385	345
375	382	349
369	383	349
371	387	343
366	389	344
373	384	348
366	388	343
374	389	348
373	381	350
366	383	343
372	379	350
369	379	343
374	386	348
367	388	347
369	381	345
372	383	346
369	387	347
369	382	354
375	381	352
369	388	347
370	378	347
366	383	343
366	382	342
373	382	349
371	381	347
368	387	346
372	381	349
366	385	343
370	386	337
371	385	347
372	382	351
368	381	344
366	387	349
372	381	347
363	386	346
373	390	348
367	379	348
367	385	340
367	384	348
368	381	347
365	381	344
371	383	346
367	382	342
368	387	344
375	380	347
368	387	339
373	384	349
371	379	351
370	380	343
371	383	341
371	380	344
364	389	343
372	383	350
368	379	344
363	386	342
373	380	350
371	377	345
366	385	347
369	379	347
365	379	344
368	383	342
365	387	347
371	380	349
365	385	342
374	386	352
370	383	343
367	388	345
374	385	349
370	379	347
368	382	349
372	383	352
368	382	344
369	381	344
370	379	345
368	388	348
375	388	348
369	379	345
370	381	350
368	386	342
375	383	346
370	384	348
371	383	345
370	385	347
370	380	348
366	386	345
372	380	349
368	378	346
367	385	343
367	378	341
372	381	346
375	386	343
374	382	347
372	382	348
363	381	342
366	384	348
373	380	347
373	382	346
367	384	343
372	379	341
363	381	342
376	385	343
374	383	345
365	379	340
365	383	344
369	383	349
365	386	342
372	383	349
365	380	344
370	388	345
374	382	346
370	380	345
368	387	341
369	386	348
370	388	347
368	386	349
370	383	352
364	382	340
364	382	343
370	385	348
369	388	348
366	382	342
375	382	346
364	380	343
371	385	353
373	381	345
364	388	351
371	387	348
372	380	350
369	387	348
370	385	349
370	379	350
370	387	345
373	381	346
373	383	347
367	387	342
371	385	349
372	385	348
370	387	341
372	380	346
368	382	340
364	382	342
374	387	347
368	382	349
368	385	348
372	385	346
373	379	346
365	386	347
373	380	348
369	382	345
370	388	345
371	381	346
362	383	347
366	381	344
370	384	345
366	382	342
367	381	342
369	383	338
366	383	346
370	381	344
365	385	342
373	380	349
366	385	342
367	381	346
366	381	345
364	379	339
364	379	343
367	377	344
367	378	338
370	377	344
365	377	340
364	382	342
366	377	343
368	375	339
364	379	342
367	373	342
354	384	343
366	380	336
366	375	339
362	381	339
362	378	340
363	373	339
361	379	338
364	379	345
365	373	337
363	376	336
368	373	343
363	376	339
366	378	336
361	374	343
365	372	337
361	376	341
362	372	338
356	375	333
365	375	342
363	374	338
360	376	337
357	371	334
363	375	341
357	375	330
361	376	338
360	369	335
360	374	333
361	375	339
357	370	329
352	374	336
358	376	338
360	369	341
354	369	331
359	373	336
361	369	337
357	374	335
365	376	339
361	369	334
356	371	332
357	376	331
357	368	339
357	370	335
358	370	334
355	373	335
357	372	332
356	370	334
362	374	336
357	373	339
360	377	333
363	368	336
354	376	334
359	373	336
360	365	336
363	372	333
355	373	331
361	370	335
360	373	329
364	375	335
362	373	336
359	373	332
361	369	336
358	370	329
354	372	335
358	370	340
360	374	334
362	373	339
360	369	340
356	374	331
357	373	335
364	367	336
355	375	332
363	375	338
358	369	329
355	374	334
363	371	340
357	375	334
355	372	333
361	375	339
358	368	333
356	374	337
363	371	338
355	374	337
360	373	337
361	371	341
361	371	334
357	375	334
364	375	339
359	378	334
364	376	340
365	374	335
362	376	333
362	371	340
360	374	330
360	376	339
365	375	331
364	373	340
356	374	339
359	373	335
362	373	338
357	377	340
367	379	332
361	377	335
359	370	337
364	376	342
364	373	341
360	378	338
365	370	340
358	372	338
358	372	337
358	373	340
363	376	338
359	381	334
363	374	334
362	372	336
360	381	333
366	374	338
361	376	339
361	378	339
362	374	339
360	376	338
364	379	337
363	371	335
355	380	340
365	379	338
364	373	328
363	378	337
368	378	334
351	374	342
359	375	338
364	378	344
364	373	336
365	377	337
363	375	340
363	382	335
367	381	336
363	375	336
360	377	335
362	371	338
359	376	341
358	376	336
364	377	339
362	375	345
365	380	335
361	382	342
362	373	341
359	377	344
365	380	342
364	376	343
364	376	341
361	374	341
365	376	342
362	381	339
367	376	342
361	372	337
362	374	340
365	373	344
361	375	337
362	379	335
367	379	341
364	376	342
363	379	337
361	376	341
365	374	343
358	383	340
370	376	339
360	375	338
359	376	334
365	376	342
363	377	338
361	381	338
362	375	342
362	377	336
363	375	335
370	376	332
365	378	337
367	381	342
364	380	345
364	383	342
364	373	346
359	374	341
363	381	340
368	380	346
368	384	341
364	380	343
366	374	343
360	378	340
365	380	346
364	380	346
365	380	342
359	375	343
366	378	339
365	383	338
363	380	348
364	382	343
367	381	343
367	378	342
365	378	342
365	384	337
370	379	346
366	383	337
368	380	343
366	380	344
362	382	338
366	378	341
363	380	344
367	382	347
366	385	342
367	383	350
365	380	344
367	380	341
369	373	342
372	386	346
370	385	345
369	379	341
363	381	343
366	380	343
367	382	347
367	380	341
369	372	347
362	377	342
364	381	339
366	382	341
369	382	347
372	380	342
366	385	342
368	381	343
371	381	343
363	385	342
372	383	346
364	379	339
367	383	342
370	375	346
365	381	344
366	381	342
367	380	347
366	382	339
365	380	341
372	383	350
368	385	343
370	387	347
369	379	351
366	384	344
366	378	341
371	385	348
369	385	342
370	383	348
372	380	344
364	385	346
368	383	350
362	385	343
367	382	349
370	384	343
367	386	345
367	384	347
368	385	349
363	385	343
372	384	352
373	384	351
371	385	343
371	382	341
370	383	347
364	383	341
368	380	349
369	383	345
367	387	347
373	377	344
365	380	341
366	379	341
369	380	344
370	379	348
364	382	341
368	383	341
370	382	346
371	384	342
371	388	343
370	379	347
365	383	342
363	379	350
371	376	343
365	383	342
367	383	344
363	378	343
360	381	339
370	382	349
369	378	347
368	378	343
361	378	342
365	382	344
372	374	346
365	383	345
368	383	340
365	379	346
366	385	340
369	385	345
365	381	348
365	383	341
365	375	344
364	377	339
365	382	341
371	365	345
367	381	345
364	383	344
374	377	343
369	380	344
364	384	346
370	381	346
369	382	349
369	382	343
372	379	350
364	379	339
365	384	343
367	383	346
364	378	343
368	386	344
370	381	348
367	386	346
372	385	350
376	381	345
363	388	345
369	386	347
371	380	347
372	390	346
373	391	350
372	384	349
369	388	349
374	386	351
371	383	348
371	388	349
371	385	350
374	386	352
371	388	350
377	382	351
372	386	344
376	390	350
371	394	351
380	388	356
372	385	345
373	395	352
373	383	353
376	392	354
374	388	351
378	386	350
376	388	346
376	390	354
380	391	353
373	389	348
376	384	355
370	387	350
375	393	351
375	394	351
379	390	353
381	393	351
376	398	354
372	386	355
379	389	356
375	393	351
380	386	360
374	388	353
376	391	353
379	382	352
376	394	353
376	392	349
378	387	350
377	387	347
374	393	354
377	387	352
374	390	350
377	390	353
377	386	354
374	387	348
373	388	350
378	386	350
366	396	349
374	390	347
374	388	353
372	389	348
373	389	351
372	385	354
369	388	345
374	382	355
371	385	345
375	389	350
369	385	350
374	385	353
370	388	345
377	389	349
366	382	347
370	386	348
375	383	347
376	386	348
372	386	347
377	384	350
369	383	340
369	383	345
372	381	349
365	386	346
371	383	350
367	381	345
368	381	347
366	386	341
375	382	345
370	382	344
361	381	345
369	378	343
369	380	342
368	385	339
371	380	343
364	381	345
365	387	341
371	375	341
348	376	342
367	379	344
366	379	346
363	376	341
363	376	340
365	380	340
367	377	346
363	380	336
364	376	343
361	378	336
365	380	339
366	376	343
367	381	339
366	383	342
366	377	338
359	377	338
359	377	337
364	377	342
359	377	335
358	379	343
367	375	342
362	381	340
360	376	342
361	374	345
365	377	336
365	378	341
364	377	342
365	376	338
366	371	339
359	375	331
365	378	343
366	376	340
364	382	338
363	370	336
357	371	337
367	374	340
362	381	338
363	375	342
363	379	339
364	373	343
362	373	339
362	378	341
367	379	342
363	375	338
364	381	339
365	377	341
359	374	334
361	376	333
365	374	339
360	378	333
364	374	340
359	376	340
361	372	340
361	379	337
363	377	342
366	375	342
360	377	338
365	378	341
361	376	338
358	375	339
366	374	343
362	376	342
366	373	336
351	377	337
360	378	335
367	379	337
363	374	335
363	371	337
358	376	340
364	373	338
362	370	338
361	376	333
362	372	338
360	374	334
357	378	338
364	374	343
354	379	337
362	374	336
360	373	340
360	379	336
361	374	339
363	374	340
358	374	334
359	372	337
363	375	341
364	375	337
363	371	339
362	378	335
365	380	335
362	373	341
361	382	342
359	377	336
362	374	341
356	376	334
362	375	340
362	374	340
357	374	336
361	374	341
356	373	335
359	376	339
365	376	345
358	380	342
366	377	339
363	376	346
359	378	341
361	375	337
366	374	344
360	377	336
363	376	339
365	372	338
360	376	340
366	374	347
357	372	335
361	377	339
364	374	343
366	375	344
362	378	336
364	377	340
366	374	336
359	379	332
363	377	342
361	370	342
361	380	339
360	375	335
359	378	337
358	380	337
364	375	341
360	376	335
361	378	336
359	371	339
359	374	331
358	373	341
362	374	341
361	374	333
362	377	338
365	373	338
358	377	333
359	377	338
363	372	335
356	380	335
362	373	338
357	370	329
355	376	336
357	373	334
356	376	331
363	369	335
356	372	338
361	375	334
361	374	334
358	374	339
357	378	338
363	371	340
359	375	334
359	379	336
361	369	341
358	377	341
360	376	338
360	370	337
360	376	335
357	374	337
358	369	336
355	372	331
360	372	335
360	369	340
356	373	337
357	375	339
366	374	338
363	374	338
360	373	337
364	376	340
360	372	333
358	376	339
364	371	335
358	378	338
367	377	342
354	374	332
359	373	333
359	370	338
355	375	336
366	378	338
359	378	333
367	378	342
359	374	337
362	377	339
363	373	337
361	375	338
359	379	334
364	373	338
358	379	333
359	378	337
362	373	335
358	382	336
364	371	339
356	377	337
362	379	334
360	377	342
366	374	339
362	378	338
360	375	340
361	375	332
358	377	340
360	377	339
363	377	341
364	375	338
361	372	340
359	372	339
366	374	339
363	375	338
361	378	335
367	373	337
360	374	333
367	380	336
363	376	342
366	374	342
363	382	336
365	373	341
358	378	339
361	380	339
363	379	344
368	379	342
362	375	339
364	374	342
359	373	337
363	376	339
364	374	337
360	373	334
363	380	341
367	378	343
363	375	340
366	382	334
362	382	343
362	379	341
363	381	340
366	372	340
361	373	337
361	376	338
364	364	341
360	378	340
372	376	342
362	376	345
363	375	339
363	379	345
364	375	339
358	383	343
370	375	341
363	381	342
363	383	342
363	380	347
369	375	341
363	383	343
370	374	338
363	381	345
363	382	341
370	380	344
368	379	346
366	381	345
365	377	343
358	379	341
366	381	345
372	379	343
360	380	348
374	382	350
370	380	345
365	383	340
365	382	341
366	385	346
363	381	345
373	380	349
366	377	340
367	380	342
369	379	345
373	388	345
372	385	345
370	379	342
362	381	342
373	382	342
374	379	348
367	386	343
370	383	342
371	379	347
366	379	343
368	386	344
367	381	344
367	381	343
369	385	346
372	380	347
369	388	344
368	379	344
368	383	343
364	379	343
368	378	346
368	379	341
369	383	348
362	383	344
373	381	344
370	382	345
364	383	345
363	380	345
370	377	345
367	384	343
374	381	349
366	383	339
365	381	339
368	372	344
366	386	342
366	384	341
368	378	342
373	387	348
375	381	343
368	382	349
363	382	345
373	383	348
370	382	348
367	386	341
369	383	345
366	382	347
369	385	347
368	387	351
368	381	347
368	384	345
368	381	343
365	383	344
374	381	350
370	378	349
371	388	348
367	383	350
376	381	348
368	384	345
371	387	345
371	387	353
372	381	345
373	387	347
375	387	350
366	386	339
371	389	349
373	386	348
370	385	347
370	374	348
368	383	346
377	387	346
376	390	348
375	384	349
371	384	348
366	369	347
372	385	351
372	384	347
373	384	348
366	381	349
369	387	348
374	378	347
365	380	344
360	384	350
370	381	347
368	385	346
371	379	341
369	380	345
371	377	351
363	385	348
373	383	345
371	379	347
367	380	341
364	384	345
370	383	342
365	383	343
370	378	343
357	379	343
366	379	342
369	380	344
367	377	342
365	382	341
371	380	346
368	381	339
366	384	344
372	378	345
362	384	342
372	383	342
367	383	342
362	382	342
366	381	340
363	375	343
363	383	338
370	378	345
365	376	344
361	382	340
364	382	345
366	379	346
363	380	342
362	375	342
367	379	347
369	379	338
373	379	342
365	382	342
365	383	343
367	378	341
363	381	342
363	380	338
367	377	344
350	385	342
370	381	342
363	380	345
363	379	336
364	375	336
364	376	339
366	377	344
359	382	342
360	379	341
367	373	342
360	378	335
368	378	345
366	372	342
362	380	337
369	374	339
360	378	337
361	380	335
362	373	339
362	377	335
359	372	333
357	373	337
360	378	335
359	378	336
363	371	340
364	376	339
361	378	341
365	373	337
363	380	336
365	379	340
363	371	338
361	380	338
362	371	339
357	369	336
355	373	331
363	374	342
360	374	337
357	374	336
360	370	337
361	376	334
359	374	336
362	372	339
355	378	334
359	373	339
362	373	342
356	375	334
362	371	339
359	369	325
357	376	340
361	369	337
355	374	334
362	370	332
362	370	335
360	375	329
362	375	337
361	377	337
365	376	337
362	369	338
355	375	333
360	378	336
364	375	338
356	373	328
364	375	336
363	373	337
357	374	331
361	372	333
352	372	330
356	371	333
357	374	335
360	372	335
357	374	336
358	377	334
361	369	339
353	374	337
363	371	333
360	371	339
353	368	333
352	371	336
356	368	335
355	369	331
358	368	334
354	369	328
356	372	329
362	367	331
359	376	335
359	369	334
362	364	335
353	372	335
361	368	337
349	371	337
356	370	331
360	371	338
356	369	334
355	373	334
362	365	333
352	366	332
354	367	330
358	373	336
360	371	331
359	374	335
360	369	334
357	376	333
361	372	333
355	373	332
359	377	331
360	375	340
358	370	331
361	376	332
359	366	333
355	376	329
360	377	341
356	369	334
353	374	331
357	370	333
361	366	338
359	369	332
358	374	333
357	371	336
360	374	331
358	372	336
358	370	334
356	379	339
356	374	337
362	369	338
356	369	330
357	375	334
360	371	332
355	377	337
357	373	333
358	367	335
359	369	330
361	373	336
362	372	332
360	374	327
362	369	334
362	371	340
358	370	332
357	374	331
362	374	337
360	369	329
360	372	329
362	370	338
358	372	335
362	371	332
361	374	336
352	372	330
355	374	333
357	368	337
356	370	328
359	378	336
361	379	334
356	373	331
358	372	341
354	372	334
359	375	333
357	371	337
356	374	333
361	373	331
363	370	334
355	374	334
359	378	338
357	375	337
359	377	337
363	371	336
353	370	336
357	374	333
357	367	335
358	374	341
357	375	335
364	375	343
360	371	331
362	375	336
365	374	342
357	376	335
364	378	336
361	374	340
357	373	335
362	376	336
359	375	339
360	377	335
363	375	341
358	372	337
357	373	333
357	377	336
365	375	343
364	379	340
359	376	341
366	373	340
361	372	338
359	373	336
362	371	337
363	379	338
365	377	338
360	378	339
361	379	334
364	372	338
359	380	334
366	376	342
362	371	337
358	378	341
370	374	337
358	375	341
359	377	340
364	380	345
365	375	340
362	376	338
365	376	345
362	374	338
361	379	340
367	373	344
362	378	338
368	380	346
364	377	334
362	379	338
368	374	342
369	380	339
364	381	340
368	379	344
368	380	343
360	382	340
364	375	345
364	381	338
367	383	349
369	382	342
365	376	340
366	379	337
366	376	341
363	383	342
367	382	340
366	380	344
362	382	342
365	382	340
368	378	345
366	384	348
373	380	343
370	380	348
365	379	338
365	385	345
369	378	347
362	382	342
367	379	348
369	380	349
365	382	341
367	383	343
365	376	340
366	381	337
368	381	344
366	378	346
361	377	349
368	380	342
370	385	348
369	380	342
367	386	346
372	378	348
367	383	343
375	386	344
373	381	348
370	384	344
369	387	341
368	379	343
365	380	338
367	386	344
366	383	346
370	382	344
375	378	344
363	383	342
367	383	343
373	382	348
370	386	346
371	383	342
374	379	343
364	384	339
365	385	338
367	382	349
364	384	346
371	380	347
363	377	345
369	381	344
372	375	347
373	381	345
364	387	349
373	384	343
371	381	348
365	385	343
372	384	347
371	383	348
366	386	343
376	381	348
370	383	341
369	382	343
368	381	346
366	388	344
367	387	346
373	385	349
370	382	346
367	385	348
370	388	351
372	383	350
370	386	344
373	385	351
369	380	347
367	385	343
375	390	346
371	386	348
370	386	345
370	381	349
364	384	342
368	381	347
373	381	348
370	387	348
375	381	347
373	380	351
368	383	351
368	384	343
374	389	348
371	382	345
373	386	347
372	383	348
370	389	352
375	386	350
375	381	350
367	382	346
372	385	342
376	380	348
369	386	343
372	385	349
372	382	347
366	386	350
377	387	347
371	383	345
373	383	347
371	388	347
377	383	347
369	389	346
374	384	351
364	385	345
371	386	354
374	377	345
373	386	346
373	381	347
375	384	347
371	386	344
374	385	347
