384	397	354
382	395	361
380	394	359
381	395	357
383	392	357
381	398	357
380	393	353
377	394	352
377	392	357
379	390	354
378	390	354
378	394	354
380	387	353
372	390	348
374	390	354
372	391	352
370	385	348
373	391	345
374	385	351
370	382	346
365	382	342
371	379	345
366	383	341
369	377	343
365	381	343
363	377	343
364	382	341
370	374	344
363	381	340
373	379	348
366	384	344
371	381	351
394	409	374
400	420	381
406	422	381
412	431	389
418	433	398
427	443	413
434	454	413
441	457	424
447	463	433
461	473	443
466	484	453
479	492	461
489	501	469
494	510	484
506	522	493
520	534	500
597	609	581
604	629	588
616	631	603
628	643	611
638	653	623
648	668	635
658	679	647
662	686	654
682	700	668
695	711	680
705	726	686
713	734	703
719	740	705
736	749	718
744	759	731
755	765	733
773	771	781
771	767	786
775	773	782
771	769	783
776	766	782
774	769	782
778	767	784
774	767	783
778	771	783
773	768	781
775	770	786
774	769	781
777	771	781
773	773	784
777	767	784
777	769	782
775	769	783
774	772	782
775	767	786
774	772	780
774	767	784
774	769	780
778	769	780
776	769	782
774	770	786
773	771	784
775	767	784
775	772	785
777	769	786
773	768	785
777	770	785
776	768	784
775	769	783
773	770	782
773	769	782
775	766	781
777	769	788
776	766	784
773	769	781
774	771	781
773	767	784
774	771	782
773	769	781
775	769	780
773	767	783
769	767	782
774	767	783
772	770	781
772	771	783
776	772	782
775	771	785
775	767	781
776	767	779
774	766	786
773	770	784
776	771	783
773	769	781
775	771	784
778	768	784
774	772	786
776	772	786
772	770	786
775	768	784
772	769	780
778	768	784
775	769	783
774	770	783
776	770	784
774	772	784
773	767	785
774	768	781
774	772	783
773	770	785
771	770	785
775	766	781
774	767	782
775	770	782
773	769	785
773	769	781
777	767	784
776	770	781
775	770	784
772	773	786
774	771	783
774	769	784
775	770	782
774	769	783
775	767	782
777	766	783
774	768	780
777	770	784
776	771	781
775	772	786
775	771	783
775	770	782
773	769	781
775	767	782
774	770	783
775	769	783
774	768	782
777	767	784
773	772	781
771	769	783
774	775	778
771	770	785
774	769	785
775	770	782
775	770	781
773	771	786
771	770	786
777	771	781
777	767	784
775	772	783
775	767	780
773	770	782
775	767	783
775	767	785
772	767	783
775	769	784
773	769	782
776	766	782
773	768	783
777	767	783
777	768	779
775	770	786
772	769	783
776	767	782
777	769	781
778	770	782
774	771	781
775	769	782
776	768	783
776	769	780
776	767	785
770	767	783
775	770	785
774	770	784
774	769	786
774	768	785
777	771	782
774	767	784
775	768	785
772	767	786
777	770	781
770	771	781
773	773	783
776	767	782
774	771	783
773	769	781
775	767	786
771	770	784
777	767	784
772	767	782
776	770	786
775	767	781
774	769	773
778	770	764
773	773	764
772	767	756
772	767	739
721	731	692
714	730	691
713	723	683
704	720	674
700	708	678
691	701	664
689	706	661
682	696	655
676	691	652
671	680	647
666	679	639
664	673	641
658	669	634
654	656	626
652	662	626
644	655	616
615	622	588
605	621	576
600	614	579
599	612	571
594	606	572
584	598	564
585	591	560
582	590	548
569	589	554
565	585	544
571	576	542
562	577	528
559	573	533
555	570	527
548	565	525
544	559	520
511	526	491
510	523	488
505	518	483
502	513	476
496	511	472
496	503	465
487	503	460
488	500	459
481	497	455
478	487	456
469	490	447
467	476	443
462	477	435
460	471	438
457	468	431
455	464	426
424	434	396
418	431	393
412	428	387
410	423	383
411	422	382
402	420	376
403	415	374
399	414	373
394	408	372
395	403	365
387	398	363
383	394	355
382	392	354
374	388	345
369	383	346
367	382	335
341	355	321
335	352	311
336	341	309
327	344	303
326	335	300
321	338	299
322	332	291
317	331	286
311	329	287
311	321	287
301	320	282
303	312	279
296	309	276
296	304	270
294	304	268
289	303	267
271	283	241
269	281	240
263	274	236
260	275	235
259	268	231
249	267	226
251	259	226
247	253	219
225	251	221
237	255	212
238	250	217
234	250	210
233	246	207
232	243	205
230	238	203
224	236	196
204	216	177
201	217	177
200	212	176
195	209	168
192	209	173
193	209	168
189	206	168
188	203	166
182	198	156
185	193	158
179	193	156
180	186	151
175	188	147
173	180	152
168	179	143
165	185	144
151	161	124
146	166	122
151	156	124
139	161	118
145	161	117
141	158	115
144	149	112
140	149	112
136	149	110
132	140	106
129	146	104
127	140	106
120	137	102
123	133	100
117	135	93
119	128	93
109	114	77
105	114	76
101	108	76
96	114	69
100	111	72
96	106	68
90	107	68
92	100	68
85	97	55
80	101	58
85	91	63
80	96	58
78	93	51
81	85	52
71	85	47
73	85	45
56	68	33
62	69	37
54	73	31
51	69	29
55	62	28
45	69	30
55	62	20
45	56	22
41	58	17
42	59	16
43	55	16
40	56	15
37	54	12
37	45	14
33	49	7
29	46	5
15	36	0
19	32	0
16	26	0
17	31	0
11	30	0
11	26	0
11	24	0
9	28	0
7	17	0
10	18	0
1	20	0
7	22	0
1	15	0
5	14	0
0	13	0
0	10	0
0	4	0
0	0	0
0	0	0
0	4	0
0	1	0
0	1	0
0	0	0
0	3	0
0	0	0
0	0	0
0	0	0
0	0	0
0	0	0
0	0	0
0	0	0
0	0	0
0	0	0
0	0	0
0	0	0
0	0	0
0	0	0
0	0	0
0	0	0
0	0	0
0	0	0
0	0	0
0	0	0
0	0	0
0	0	0
0	0	0
0	0	0
0	0	0
0	0	0
0	0	0
0	0	0
0	0	0
0	0	0
0	0	0
0	0	0
0	0	0
0	0	0
0	0	0
0	0	0
0	0	0
0	0	0
0	0	0
0	0	0
0	0	0
0	0	0
0	0	0
0	0	0
0	0	0
0	0	0
0	0	0
0	0	0
0	0	0
0	0	0
0	0	0
0	0	0
0	0	0
0	0	0
0	0	0
0	0	0
0	0	0
0	0	0
0	0	0
0	0	0
0	0	0
0	0	0
0	0	0
0	0	0
0	0	0
0	0	0
0	0	0
0	0	0
0	0	0
0	0	0
0	0	0
0	0	0
0	0	0
0	0	0
0	0	0
0	0	0
0	0	0
0	0	0
0	0	0
0	0	0
0	0	0
0	0	0
0	0	0
0	0	0
0	0	0
0	0	0
0	0	0
0	0	0
0	0	0
0	0	0
0	0	0
0	0	0
0	0	0
0	0	0
0	0	0
0	0	0
0	0	0
0	0	0
0	0	0
0	0	0
0	0	0
0	0	0
0	0	0
0	0	0
0	0	0
0	0	0
0	0	0
0	0	0
0	0	0
0	0	0
0	0	0
0	0	0
0	0	0
0	0	0
0	0	0
0	0	0
0	0	0
0	0	0
0	0	0
0	0	0
0	0	0
0	0	0
0	0	0
0	0	0
0	0	0
0	0	0
0	0	0
0	0	0
0	0	0
0	0	0
0	0	0
0	0	0
0	0	0
0	0	0
0	0	0
0	0	0
0	0	0
0	0	0
0	0	0
0	0	0
0	0	0
0	0	0
0	0	0
0	0	0
0	0	0
0	0	0
0	0	0
0	0	0
0	0	0
0	0	0
0	0	0
0	0	0
0	0	0
0	0	0
0	0	0
0	0	0
0	0	0
0	0	0
0	0	0
0	0	0
0	0	0
0	0	0
0	0	0
0	0	0
0	0	0
0	0	0
0	0	0
0	0	0
0	0	0
0	0	0
0	0	0
0	0	0
0	0	0
0	0	0
0	0	0
0	0	0
0	0	0
0	0	0
0	0	0
0	0	0
0	0	0
0	0	0
0	0	0
0	0	0
0	0	0
0	0	0
0	0	0
0	0	0
0	0	0
0	0	0
0	0	0
0	0	0
0	0	0
0	0	0
0	0	0
0	0	0
0	0	0
0	0	0
0	0	0
0	0	0
0	0	0
0	0	0
0	0	0
0	0	0
0	0	0
0	0	0
0	0	0
0	0	0
0	0	0
0	0	0
0	0	0
0	0	0
0	0	0
0	0	0
0	0	0
0	0	0
0	0	0
0	0	0
0	0	0
0	0	0
0	0	0
0	0	0
0	0	0
0	0	0
0	0	0
0	0	0
0	0	0
0	0	0
0	0	0
0	0	0
0	0	0
0	0	0
0	0	0
0	0	0
0	0	0
0	0	0
0	0	0
0	0	0
0	0	0
0	0	0
0	0	0
0	0	0
0	0	0
0	0	0
0	0	0
0	0	0
0	0	0
0	0	0
0	0	0
0	0	0
0	0	0
0	0	0
0	0	0
0	0	0
0	0	0
0	0	0
0	0	0
0	0	0
0	0	0
0	0	0
0	0	0
0	0	0
0	0	0
0	0	0
0	0	0
0	0	0
0	0	0
0	0	0
0	0	0
0	0	0
0	0	0
0	0	0
0	0	0
0	0	0
0	0	0
0	0	0
0	0	0
0	0	0
0	0	0
0	0	0
0	0	0
0	0	0
0	0	0
0	0	0
0	0	0
0	0	0
0	0	0
0	0	0
0	0	0
0	0	0
0	0	0
0	0	0
0	0	0
0	0	0
0	0	0
0	0	0
0	0	0
0	0	0
0	3	0
0	0	0
0	6	0
0	7	0
0	4	0
0	8	0
0	10	0
0	9	0
0	14	0
0	7	0
0	11	0
3	17	0
1	17	0
5	16	0
11	25	0
20	37	0
16	37	0
19	41	5
24	42	7
26	46	1
30	45	10
35	42	8
30	44	6
32	50	11
38	49	14
39	53	18
39	56	18
43	49	13
39	52	20
40	57	16
44	62	25
59	69	39
60	75	42
64	84	44
63	84	43
67	78	45
63	82	50
64	92	46
75	93	56
77	92	57
81	93	53
80	97	57
81	101	64
87	97	62
82	106	60
93	107	73
93	108	73
121	137	98
120	133	101
122	133	104
127	145	102
133	142	113
130	150	112
138	151	120
135	159	116
146	163	122
148	166	127
158	170	128
153	170	132
157	177	137
166	175	143
164	183	146
174	182	151
206	214	175
206	223	184
207	225	190
213	230	194
217	229	196
221	236	198
223	239	206
224	242	206
230	246	213
230	248	212
238	256	215
247	253	225
244	263	223
250	259	231
250	268	231
260	268	237
286	299	264
289	302	263
296	306	269
292	311	274
302	310	282
301	315	278
307	314	289
302	323	287
312	320	295
312	325	288
315	323	299
319	330	295
319	333	300
321	337	297
328	331	307
323	346	303
349	366	323
351	370	335
352	371	333
361	372	334
360	375	335
362	379	343
365	380	342
364	377	342
368	384	342
370	383	344
368	384	349
372	386	352
375	390	351
374	394	354
376	396	354
380	396	354
388	407	372
390	412	371
398	408	373
398	416	374
401	409	379
397	417	377
404	419	384
396	420	380
408	416	387
406	421	379
410	421	385
406	424	385
410	421	389
408	426	386
413	423	394
412	429	390
417	432	397
418	436	384
425	440	401
420	438	395
423	435	403
417	433	397
422	435	405
419	435	398
423	437	397
424	439	396
426	438	399
423	439	401
424	441	399
422	437	396
421	442	399
411	441	399
431	443	406
431	444	407
433	441	407
432	442	411
433	440	407
431	448	403
430	442	405
427	449	405
433	442	408
429	444	406
430	441	393
427	446	406
432	440	410
427	445	408
430	440	411
428	445	407
434	448	402
429	445	407
434	444	407
436	446	411
433	443	403
433	443	412
428	442	409
428	437	404
427	443	408
431	440	408
427	439	404
428	443	404
428	442	400
425	444	402
430	443	403
427	444	403
428	441	409
425	443	399
430	443	410
430	448	402
432	446	406
429	447	402
427	447	410
432	448	400
428	446	407
430	445	408
430	443	410
427	441	402
433	440	403
428	443	403
425	439	404
422	442	401
432	443	405
431	438	406
427	442	402
430	439	405
426	443	399
427	441	405
425	442	405
426	439	408
422	439	400
427	437	404
422	443	402
424	436	404
424	441	402
423	437	405
419	440	402
424	435	404
428	436	403
423	441	401
425	436	401
422	436	399
427	439	402
421	433	395
424	435	405
416	434	399
419	427	399
418	435	395
419	439	402
420	440	396
421	434	398
420	433	381
419	437	399
421	438	396
418	429	399
419	433	390
420	431	399
415	434	396
421	425	396
413	428	389
418	427	392
416	432	390
418	424	391
415	431	389
417	423	395
409	430	388
419	426	387
413	431	389
415	424	391
409	426	386
409	427	391
409	431	389
418	428	393
413	423	387
414	429	391
412	425	388
408	425	387
412	425	386
408	424	385
413	424	380
406	423	385
403	420	383
405	422	382
407	420	383
407	417	384
412	423	381
407	425	382
408	421	387
404	423	381
413	422	387
404	423	379
408	422	388
400	421	379
406	421	387
404	423	379
409	417	383
401	420	383
406	423	383
409	420	382
406	422	383
406	419	382
405	422	384
404	416	384
398	419	380
402	416	379
403	417	377
406	419	376
402	418	376
403	420	377
405	417	381
398	415	376
401	413	382
408	416	384
403	416	379
405	416	382
404	419	382
408	413	381
401	415	377
407	414	376
401	413	381
405	412	377
403	416	376
404	412	376
397	417	373
400	413	377
396	419	378
402	410	382
394	420	375
402	411	378
399	415	376
397	408	377
395	415	373
402	412	378
397	411	373
398	409	376
403	416	371
398	411	377
403	414	376
404	416	375
403	413	376
403	417	377
401	414	380
394	417	381
393	411	372
397	406	376
394	410	371
398	411	376
396	408	372
401	412	372
395	411	372
395	410	377
401	407	377
395	409	375
397	409	376
393	411	367
394	411	376
392	412	373
395	409	378
398	409	370
399	409	372
394	413	368
393	410	373
393	410	371
397	410	372
396	410	367
392	405	371
391	404	372
391	402	363
391	403	368
388	404	362
388	393	369
387	403	360
385	404	365
391	403	362
392	402	363
387	407	369
387	400	365
384	404	368
389	402	364
384	399	362
385	399	363
384	395	365
378	396	358
382	395	361
376	395	357
381	391	358
375	392	349
379	388	359
376	390	351
376	389	356
372	386	350
377	384	356
369	386	347
369	379	354
370	383	345
371	388	348
368	386	344
372	384	343
367	372	340
359	380	339
363	373	339
357	377	334
362	369	334
352	373	331
360	375	334
356	371	329
359	369	336
355	367	325
354	363	324
348	367	327
355	362	331
345	362	323
347	360	329
341	360	325
340	357	316
339	354	320
336	353	311
341	353	319
338	351	312
336	355	316
336	353	315
335	348	312
333	346	311
335	350	315
336	344	312
334	347	312
333	344	311
332	341	308
329	344	305
328	343	309
326	336	305
323	334	297
324	339	296
316	339	297
319	336	298
327	336	294
321	339	297
321	332	300
324	340	303
321	331	299
321	339	303
319	331	300
317	338	297
325	331	299
317	335	294
325	334	297
324	338	295
323	333	303
320	335	294
327	332	298
317	338	296
325	332	302
319	335	300
319	332	299
320	338	296
319	331	298
318	334	296
321	340	299
319	335	296
320	337	299
319	333	295
326	337	303
328	337	306
328	343	305
330	338	306
327	344	302
331	345	307
335	350	306
329	344	309
328	345	304
334	343	311
327	350	305
334	341	310
327	345	308
334	344	311
331	345	306
336	341	314
331	347	311
331	352	311
339	349	315
334	352	312
334	346	314
335	353	315
338	351	316
337	352	313
338	353	321
337	355	312
340	352	318
334	355	312
343	355	319
338	354	313
340	352	316
340	360	318
342	353	316
349	357	327
347	359	319
350	357	324
343	359	323
343	355	330
342	362	319
351	364	326
342	364	322
346	367	326
344	364	323
343	363	327
348	366	327
353	362	330
351	366	327
352	364	329
352	366	328
352	363	331
349	363	333
355	367	331
354	365	329
352	368	331
352	367	332
354	371	327
352	363	334
352	371	328
358	367	330
354	372	326
359	368	330
355	372	330
359	367	334
353	373	330
355	367	326
364	370	332
357	371	332
358	368	338
357	372	333
361	372	336
357	377	334
358	371	336
356	373	336
358	367	334
355	374	332
358	369	333
358	377	333
363	367	334
354	373	333
359	369	331
358	373	336
351	377	333
364	374	337
360	379	334
359	374	338
362	378	341
360	375	338
358	375	339
358	376	336
361	374	340
362	378	339
362	376	338
358	375	332
361	372	336
359	378	336
356	375	335
360	376	334
361	367	338
364	374	337
359	381	339
362	374	339
362	377	335
363	377	343
363	377	337
366	377	341
362	380	336
364	374	337
362	379	336
364	375	339
361	381	336
362	377	342
361	381	343
362	375	340
367	380	342
368	377	345
362	377	339
368	375	343
362	379	340
367	381	339
362	379	337
362	383	343
365	378	342
361	378	340
363	377	346
364	383	343
366	376	345
368	383	347
367	377	344
362	382	347
365	382	345
369	381	345
371	382	344
372	379	345
367	385	346
373	377	332
367	385	343
369	379	345
366	383	341
367	381	349
366	384	345
371	376	348
363	383	344
373	382	347
365	381	339
370	384	345
374	384	351
372	385	346
372	381	352
371	381	345
366	380	345
367	385	347
371	384	345
369	384	340
370	387	346
370	381	339
366	387	346
372	384	333
366	387	346
372	385	346
370	389	350
371	387	348
377	387	349
373	387	347
375	385	352
374	387	346
372	388	350
372	389	352
374	384	353
369	387	351
370	386	352
374	389	347
376	388	352
373	390	347
376	383	348
368	387	347
371	385	353
369	389	349
376	391	351
372	391	351
376	394	354
370	391	349
376	390	355
377	394	354
378	389	351
378	391	357
377	393	359
377	387	354
375	391	354
380	391	353
374	391	350
378	391	355
372	393	352
373	387	352
371	392	354
378	389	353
375	389	352
375	393	355
376	393	356
375	392	352
374	387	358
379	393	352
377	394	355
346	394	356
377	390	357
378	396	354
378	387	356
376	397	352
377	390	358
376	394	350
375	391	355
346	390	356
377	394	356
378	393	354
376	395	354
379	390	358
377	397	355
383	391	355
375	397	353
381	391	356
375	396	356
379	386	356
372	393	353
380	396	358
376	394	352
381	391	360
382	394	356
376	394	357
384	389	357
380	397	354
381	394	360
380	394	358
379	391	355
375	393	356
380	394	358
382	398	353
378	392	358
380	399	360
381	393	359
379	394	357
384	396	356
384	393	354
379	395	360
383	392	356
384	399	357
381	396	363
377	398	360
383	391	359
378	399	356
386	398	359
380	397	354
386	398	361
379	393	355
385	395	362
378	394	359
382	389	359
381	390	355
385	399	359
382	395	360
380	394	354
384	396	360
380	395	357
379	394	363
383	397	354
385	397	358
383	400	358
380	402	362
377	392	356
378	388	360
380	391	355
381	390	360
379	394	354
379	388	352
375	393	354
381	392	357
382	389	359
376	396	354
380	395	360
366	395	353
382	394	358
381	398	357
380	394	357
381	391	353
374	396	356
379	394	357
376	392	356
376	390	354
375	396	356
382	386	356
376	390	350
376	394	353
375	387	353
378	393	349
377	390	357
375	392	353
377	387	353
373	395	349
377	394	358
374	389	347
378	392	356
379	389	352
381	385	355
372	391	348
377	388	354
377	388	350
377	386	351
377	388	353
369	386	351
373	391	352
378	392	349
378	389	352
374	394	352
378	391	357
373	389	352
376	389	354
376	387	351
377	388	350
377	390	349
374	389	350
378	389	352
371	388	346
374	385	349
373	387	349
377	384	351
374	387	348
379	385	351
371	388	347
372	387	355
368	383	351
374	385	347
371	387	345
369	391	349
375	385	336
373	389	351
373	389	353
372	388	354
370	389	348
373	384	353
374	392	351
371	388	350
375	386	352
376	390	346
374	388	352
370	390	352
374	385	350
370	390	349
373	382	350
372	385	350
372	379	348
370	390	347
376	384	352
371	386	346
373	384	348
370	387	345
364	382	342
370	383	349
371	387	347
369	388	350
369	381	349
371	382	347
373	383	343
365	385	340
367	383	348
365	383	343
369	382	343
368	383	341
366	378	342
366	380	342
366	378	343
362	379	336
359	377	338
365	372	339
360	377	336
362	378	337
358	374	334
358	371	338
360	371	333
359	366	335
355	372	334
361	370	334
353	366	327
353	366	332
351	367	325
351	367	332
348	365	330
349	359	327
346	362	328
345	365	324
349	360	322
342	363	324
344	353	321
341	363	319
344	356	319
342	360	317
343	357	320
339	359	315
342	357	321
341	356	317
340	351	320
339	355	314
336	349	319
333	353	312
334	350	315
336	345	306
334	346	306
331	344	305
330	348	311
323	340	305
328	344	302
334	343	306
326	346	300
330	340	307
322	344	301
330	337	303
324	345	301
329	334	304
321	339	299
328	335	300
326	337	298
322	339	300
327	333	301
320	338	295
327	336	302
319	341	296
325	335	299
316	340	295
325	335	302
317	333	298
320	331	297
318	333	293
322	328	296
313	331	294
322	332	299
315	331	291
305	336	298
324	337	298
314	335	290
325	337	302
317	337	296
323	331	300
319	336	296
326	336	302
320	337	298
324	334	300
318	337	295
320	333	299
318	338	295
322	336	302
322	338	299
321	334	305
331	340	302
327	342	303
330	343	306
324	344	304
329	339	306
327	342	304
330	339	303
327	343	301
327	346	309
324	350	297
332	350	311
336	348	309
332	345	312
332	347	307
335	345	311
333	351	309
335	351	314
340	350	313
339	350	311
327	351	307
338	356	317
340	353	315
336	354	313
340	350	322
338	356	316
343	348	318
340	356	314
344	351	320
339	359	315
347	354	320
342	359	316
347	355	318
345	359	321
346	363	322
349	360	329
346	361	323
350	360	328
346	362	324
349	359	329
344	361	322
344	362	327
346	363	326
349	358	329
345	363	323
350	363	325
346	365	321
351	366	329
350	365	324
357	367	324
359	365	331
358	370	326
358	369	334
351	366	330
352	365	337
350	369	332
355	368	329
349	373	330
357	372	332
346	370	332
352	370	331
348	371	328
356	375	333
350	372	331
355	371	335
368	376	341
359	377	336
364	374	336
361	381	335
363	376	341
361	378	341
363	377	344
363	377	336
367	378	340
365	378	340
364	376	341
362	381	338
368	376	341
364	382	341
368	378	345
364	383	339
367	379	347
367	384	345
367	378	343
365	383	345
371	384	348
370	381	344
367	388	346
372	382	350
367	387	349
373	381	346
365	382	347
372	384	348
368	383	349
372	383	350
367	386	345
374	376	350
375	385	349
369	386	350
378	385	353
374	387	345
380	383	353
372	389	350
370	382	352
371	384	350
373	386	344
370	387	348
379	390	349
372	388	346
375	386	349
372	389	345
374	391	351
376	388	352
377	388	357
379	391	352
381	389	352
374	392	354
380	391	356
377	390	356
374	391	349
380	393	352
373	391	349
374	392	355
373	393	352
381	391	352
376	391	350
375	390	355
375	392	354
375	387	355
381	390	352
378	377	358
375	392	353
377	395	354
379	395	360
378	396	353
381	392	359
380	395	363
381	392	356
377	399	358
380	391	358
380	396	357
382	394	362
383	396	353
380	397	360
383	397	356
379	394	364
382	396	357
386	394	359
379	397	360
385	399	358
382	396	362
380	396	362
384	397	361
384	400	360
385	396	364
378	397	358
384	392	359
377	400	358
386	397	365
376	395	362
383	397	361
385	397	366
385	403	358
387	398	364
382	402	358
385	399	367
381	397	362
384	392	366
382	396	359
381	394	361
384	400	357
389	399	364
382	398	354
386	397	359
380	400	354
382	402	363
382	398	356
382	397	366
386	404	365
385	398	366
388	397	363
383	403	360
386	395	363
385	399	364
383	397	364
380	398	361
385	396	360
379	396	361
385	397	364
383	396	359
383	396	359
380	403	359
386	398	363
383	396	359
385	394	359
382	394	354
380	399	363
384	394	361
383	396	360
382	396	363
385	399	361
382	399	364
381	400	361
382	394	358
382	398	358
383	395	363
380	397	355
381	396	363
378	401	356
380	396	359
380	398	359
381	391	365
380	397	357
383	398	356
375	398	356
380	397	359
379	395	360
379	395	355
383	393	355
377	398	358
378	392	357
377	397	358
384	393	359
379	393	353
379	397	358
380	393	358
379	390	356
383	390	355
374	391	357
381	393	351
383	391	354
378	397	355
378	389	356
378	396	357
380	390	355
383	392	353
380	393	356
380	396	358
379	391	359
377	394	357
381	388	358
383	393	356
376	397	356
383	393	361
376	395	354
380	393	358
377	395	351
378	392	356
379	397	358
382	393	354
382	394	357
377	393	354
380	389	358
377	395	354
376	388	354
375	395	352
374	386	354
375	393	353
379	388	357
378	392	352
378	389	358
374	393	353
381	387	356
374	390	353
375	387	355
375	388	348
372	392	350
371	389	351
374	390	355
379	391	347
377	392	353
379	394	356
380	391	352
369	389	354
372	392	358
379	395	355
374	393	354
380	390	360
377	387	351
383	393	355
374	391	355
374	391	357
375	387	350
376	392	350
377	387	350
377	394	353
378	388	350
374	390	353
378	393	353
377	394	351
378	394	359
375	387	355
376	389	353
380	391	354
372	393	351
377	388	353
372	392	353
373	386	358
373	389	352
376	385	354
372	392	351
377	387	348
375	393	349
375	384	353
371	389	348
369	390	348
374	389	353
374	391	347
372	390	352
374	392	353
372	387	351
374	388	350
371	385	348
369	387	348
369	385	350
367	383	348
371	386	347
369	380	343
370	387	348
370	384	345
368	385	344
375	387	349
369	388	348
372	382	351
366	385	344
371	380	351
369	385	346
369	387	347
371	386	341
371	386	349
372	387	347
370	383	351
375	385	348
375	383	346
372	384	348
373	383	346
370	383	345
370	389	354
374	383	348
370	386	351
375	385	351
369	388	348
373	383	335
373	389	348
372	385	349
368	387	344
372	379	346
366	388	341
368	381	347
368	388	345
370	381	349
364	381	344
370	379	349
368	380	347
369	383	346
373	377	345
366	384	343
368	377	345
367	382	346
362	375	342
364	380	343
368	374	343
362	378	341
366	379	341
364	373	338
364	377	331
363	377	338
366	381	343
361	380	343
358	372	337
360	377	338
357	374	339
355	374	333
360	372	337
356	371	332
361	370	337
352	371	330
356	370	335
355	369	327
352	365	330
350	369	325
355	365	330
349	367	323
349	364	325
344	369	325
348	357	323
342	362	320
348	358	321
340	362	320
341	360	318
338	358	318
342	358	325
335	357	317
344	353	317
339	356	313
345	357	315
340	353	311
338	349	315
333	355	314
336	347	313
332	354	312
333	351	309
337	348	311
329	351	310
331	347	315
332	341	305
332	346	311
330	348	308
329	342	312
327	345	302
332	345	310
329	342	302
330	344	305
326	343	302
329	345	308
325	344	302
329	345	301
328	339	304
322	339	304
328	336	305
322	342	302
328	337	302
324	341	299
324	340	305
322	340	304
325	335	303
323	338	302
323	334	302
323	341	300
326	335	301
321	338	297
327	338	301
321	339	299
326	340	303
329	343	306
325	341	303
332	340	307
331	340	303
333	346	309
327	343	307
328	342	309
326	342	304
326	341	304
325	341	301
330	344	305
333	346	300
332	345	304
331	346	306
332	347	310
334	349	313
332	353	312
336	347	314
336	354	312
341	352	319
335	355	313
338	353	319
339	357	315
340	359	318
342	357	319
343	354	317
340	357	319
345	360	322
342	355	321
343	352	322
339	353	317
341	360	330
347	362	329
349	368	329
349	361	323
352	368	325
353	366	323
348	365	323
349	366	329
348	367	326
353	366	332
352	370	329
354	366	331
354	366	330
353	365	332
350	370	328
358	368	335
361	372	340
359	375	336
360	370	336
358	378	336
362	371	340
359	378	338
362	372	336
359	374	333
361	372	337
357	379	336
363	373	339
358	373	334
360	372	341
356	376	338
361	373	338
358	378	340
367	375	346
363	379	338
369	377	342
358	381	343
368	379	344
367	380	342
365	379	344
369	385	344
368	384	346
368	382	344
368	380	344
363	383	344
368	383	342
365	382	343
370	383	345
367	380	350
356	384	347
371	381	347
364	388	345
368	382	348
366	382	343
370	380	345
366	380	340
365	379	344
363	379	343
369	386	349
364	386	347
371	380	346
366	384	343
367	383	349
369	386	343
370	382	343
372	384	350
376	387	347
372	386	347
368	385	347
369	384	348
368	388	348
371	379	345
367	384	345
370	384	344
369	386	344
374	383	344
367	387	345
372	383	351
367	384	343
372	380	347
366	387	347
371	386	349
375	387	347
367	388	345
375	386	349
373	387	340
375	385	350
372	386	348
376	391	349
371	386	346
371	386	356
373	386	349
373	382	349
369	384	349
369	381	348
367	386	343
374	389	350
381	391	352
375	391	353
378	390	356
374	393	352
380	388	358
375	395	352
381	388	357
377	395	350
383	387	354
373	397	352
377	396	356
378	394	359
378	396	357
377	387	359
378	393	358
383	391	356
385	399	357
380	396	356
379	395	355
383	399	360
387	397	358
378	399	358
380	393	363
383	400	356
385	397	359
383	401	357
383	401	362
385	400	358
384	398	366
384	404	360
382	395	364
380	404	361
384	400	361
382	404	363
387	398	366
386	402	358
386	395	361
376	395	362
385	396	362
379	398	361
387	400	360
379	399	355
383	398	359
387	398	356
382	401	360
382	399	363
381	398	362
382	397	364
386	397	364
383	398	356
385	396	362
383	398	358
382	397	365
382	397	358
386	394	363
380	395	357
385	393	364
375	392	355
383	389	361
377	390	352
380	393	358
377	395	354
384	398	358
367	395	351
378	394	357
377	395	353
380	390	356
380	400	355
377	394	359
377	394	351
379	390	356
374	393	352
382	390	353
371	394	352
379	382	354
370	388	348
378	392	356
372	393	350
375	390	357
378	390	348
375	394	354
377	386	353
377	391	349
374	393	355
374	392	350
375	389	357
376	389	350
379	389	353
372	387	348
372	388	355
374	389	353
371	382	356
372	392	352
376	386	352
371	389	349
379	386	354
378	386	352
374	392	353
374	391	350
379	394	357
377	396	356
382	391	355
380	390	354
376	393	355
377	391	356
376	397	353
379	390	355
376	393	352
376	388	354
375	395	355
380	391	360
375	396	356
378	394	353
384	391	357
375	398	355
379	395	357
382	399	353
379	394	361
378	399	359
381	396	357
380	393	357
379	395	360
382	394	358
377	397	354
380	392	356
376	394	357
376	387	355
381	392	354
380	397	356
379	394	356
376	398	359
380	389	359
378	397	357
383	395	358
379	392	354
382	393	360
378	394	356
382	394	360
380	396	355
381	391	355
378	391	357
377	389	357
376	389	355
380	386	355
383	391	353
376	394	355
378	395	362
378	395	358
383	392	356
380	398	353
381	393	358
375	393	356
386	395	360
384	393	352
381	393	356
383	395	353
378	396	359
379	401	360
378	393	362
381	394	355
382	395	353
377	392	358
381	390	354
383	395	357
379	391	354
379	395	356
383	393	356
376	397	355
382	391	357
378	398	353
385	392	357
381	397	354
381	391	355
379	395	355
382	393	360
377	396	355
382	397	356
383	395	360
378	396	354
382	390	358
380	398	353
381	394	357
375	394	351
383	393	358
381	396	352
381	393	354
378	395	355
378	394	357
380	397	359
382	393	356
380	392	360
381	395	360
381	390	357
377	392	355
376	398	355
372	394	355
375	396	357
380	391	354
381	393	351
381	391	358
377	395	353
379	389	354
378	396	354
381	393	354
372	396	356
382	391	359
376	395	354
380	392	358
383	391	363
379	393	355
376	393	359
379	393	353
379	395	356
382	394	357
379	397	357
381	394	359
379	399	359
378	393	359
376	395	355
382	393	359
382	393	354
383	393	358
374	400	353
380	394	358
383	395	354
376	391	360
381	390	352
382	393	352
372	394	353
378	396	354
377	392	358
376	392	353
381	391	356
377	392	350
375	393	355
371	389	352
381	388	354
373	393	353
381	385	356
373	392	350
370	386	355
377	391	352
377	388	352
372	383	350
369	386	349
377	388	348
371	389	347
368	382	347
366	383	347
373	383	334
366	380	342
371	382	345
364	384	339
365	378	342
363	383	343
364	375	342
363	380	332
362	373	337
356	376	334
359	374	335
363	379	331
362	373	336
359	376	336
360	375	334
358	373	332
357	371	334
358	363	329
354	369	334
356	366	324
351	368	324
347	366	322
345	367	326
347	355	323
341	357	319
342	361	319
340	355	317
341	358	318
343	354	320
340	356	310
341	352	314
341	355	317
342	353	320
338	353	320
340	354	316
337	357	320
337	350	315
336	354	316
338	349	315
330	351	315
337	344	309
331	352	310
337	344	307
330	348	307
333	344	311
326	345	309
332	343	310
330	346	306
333	343	307
329	343	303
331	342	307
329	347	304
332	337	310
324	342	303
331	344	309
334	345	306
331	346	308
327	346	308
329	344	310
329	348	302
337	348	309
333	348	308
335	351	308
334	347	306
335	343	308
332	346	307
333	350	311
332	345	312
335	348	315
329	343	309
332	346	310
338	344	314
338	352	312
339	350	313
331	348	313
334	345	321
334	350	312
338	343	312
332	350	311
339	359	314
333	354	313
341	352	312
339	355	315
341	353	319
341	356	319
344	350	318
339	353	314
342	362	324
343	363	324
344	359	320
343	360	321
340	357	319
345	357	320
342	357	311
348	363	322
348	357	323
346	365	322
348	363	324
346	362	323
349	358	325
343	368	324
347	365	327
348	365	325
353	362	331
352	366	327
357	369	335
352	368	328
353	369	332
355	369	325
353	373	334
356	371	332
358	370	334
356	369	329
361	372	336
348	372	328
351	370	334
352	373	330
353	370	333
351	369	334
364	374	339
365	370	339
358	374	337
362	372	342
358	376	332
367	362	342
358	380	336
365	380	341
357	378	335
363	379	344
366	376	340
367	375	341
362	377	336
363	379	343
366	381	339
364	372	341
370	380	345
364	381	338
365	379	348
361	379	343
368	378	344
361	378	339
370	383	339
368	382	342
362	381	341
368	377	341
364	383	348
369	381	345
369	382	348
370	382	342
371	385	345
370	381	348
373	386	350
372	386	350
367	385	344
367	384	343
365	383	343
367	384	346
370	382	347
367	383	345
371	383	351
370	385	344
374	378	348
366	386	346
371	378	350
366	385	346
370	383	352
369	386	348
372	388	347
370	392	353
370	389	355
372	386	352
377	389	351
378	388	351
371	391	353
372	387	349
371	390	351
371	385	347
372	394	349
376	387	353
368	389	351
373	383	352
371	389	350
378	382	351
379	387	348
372	392	353
378	392	352
379	394	357
375	389	353
375	392	359
379	386	356
374	391	353
381	392	356
377	390	349
374	389	352
373	390	350
376	392	355
374	393	351
379	389	358
376	386	350
373	389	351
381	383	358
364	395	350
378	393	356
378	392	353
379	394	354
376	390	357
379	394	359
380	388	355
375	393	351
377	388	352
376	391	349
376	391	353
375	392	356
372	390	349
372	391	352
377	391	356
379	389	359
377	392	353
380	389	356
376	394	356
383	393	357
377	396	352
377	395	361
372	395	353
381	392	360
378	394	356
383	388	358
374	392	350
384	392	357
379	391	354
377	393	356
382	395	357
383	396	357
381	396	359
378	396	354
383	389	361
376	398	353
383	391	356
382	395	356
383	395	358
383	395	355
383	395	358
382	393	356
377	398	366
383	391	360
382	397	356
378	393	354
384	398	360
385	398	359
380	402	360
385	394	361
381	404	360
388	393	362
380	397	355
386	397	360
379	395	357
384	395	361
378	398	358
382	396	362
379	398	357
383	397	359
384	399	352
386	397	357
381	391	362
381	394	357
383	393	358
379	397	357
381	396	357
385	394	359
381	396	354
385	395	356
379	398	356
380	394	359
377	393	356
382	391	357
376	391	353
383	397	359
379	399	352
382	396	357
381	391	359
382	395	355
379	394	358
378	392	353
383	388	359
375	395	355
377	390	355
372	391	353
376	392	350
382	395	354
380	394	358
382	392	359
382	393	356
378	388	354
380	396	359
379	389	356
381	393	354
374	391	363
379	391	355
377	395	357
378	390	353
378	396	353
378	389	356
377	392	354
376	385	354
375	395	354
381	379	356
375	393	353
379	392	353
373	394	350
380	392	352
374	391	348
375	397	359
378	391	359
379	395	358
376	390	360
381	391	355
383	390	355
378	395	352
378	389	358
378	391	354
376	386	357
376	392	352
377	395	358
374	397	356
380	392	357
377	396	356
384	394	359
385	394	360
380	395	355
383	396	362
375	394	356
386	394	361
381	396	354
384	394	360
377	397	359
381	391	357
380	399	359
385	395	360
382	391	357
385	393	362
382	395	353
377	394	357
377	392	355
379	397	358
381	397	361
381	393	362
379	397	358
380	393	360
379	398	359
385	390	359
379	398	356
386	396	356
376	395	355
384	393	362
380	394	356
375	390	361
376	395	357
376	390	355
375	394	350
380	395	358
377	395	354
379	393	356
380	397	355
383	390	358
377	394	354
380	392	360
376	392	355
379	389	354
377	392	350
378	391	356
377	394	354
377	390	359
375	395	355
378	391	355
367	395	347
377	395	355
381	393	358
379	392	355
376	391	349
372	393	353
374	390	354
379	386	354
373	391	348
381	390	356
374	390	349
375	392	354
375	392	351
375	390	354
375	390	350
377	387	356
374	389	351
373	391	352
378	391	354
378	390	356
378	389	354
377	394	353
378	390	354
377	393	350
378	389	358
374	391	349
379	389	357
375	390	350
379	385	357
370	391	349
373	385	353
373	389	351
377	384	356
373	388	355
379	390	352
374	390	353
379	391	358
375	391	355
376	393	354
376	388	352
375	394	353
377	387	351
374	393	352
376	387	354
370	390	352
378	387	357
372	384	353
379	383	350
374	389	349
375	387	344
375	389	352
374	385	350
373	389	356
373	383	347
372	390	346
373	382	350
370	386	348
369	380	349
368	388	345
371	377	348
367	388	343
373	382	349
369	380	339
367	381	345
364	380	340
360	383	343
369	375	340
359	382	340
365	376	340
360	376	335
364	380	344
364	376	337
362	372	341
358	377	338
362	376	340
360	377	336
364	371	337
355	374	331
360	371	337
353	372	334
359	365	331
356	362	330
349	366	325
355	361	327
348	365	327
349	358	324
349	365	324
350	362	324
344	363	321
349	363	325
346	362	322
347	361	323
342	358	320
346	355	325
345	356	319
344	357	321
344	357	317
337	353	315
341	347	314
335	354	313
336	345	317
335	348	310
338	344	314
331	349	310
339	343	309
331	350	306
336	346	311
330	351	309
335	345	312
326	347	304
329	343	310
326	350	308
332	345	311
333	345	306
336	344	306
333	347	308
334	347	306
328	345	307
326	346	311
329	340	306
329	344	307
329	341	307
327	345	303
330	342	302
325	345	302
330	341	308
326	344	306
330	340	303
324	342	303
327	347	304
333	348	312
334	345	303
335	349	308
333	348	306
333	351	313
334	351	308
334	348	312
328	345	308
332	346	312
333	346	309
337	343	313
332	348	307
336	349	319
333	349	312
339	347	311
345	356	319
342	355	317
348	357	318
339	361	322
346	356	323
342	361	322
349	353	325
341	363	320
350	356	324
343	363	323
349	365	325
344	368	323
349	362	327
345	366	319
352	361	327
349	368	325
353	369	332
354	375	337
356	373	339
360	366	332
358	376	331
354	370	335
354	372	333
350	368	333
358	374	336
361	371	336
358	370	332
363	375	340
361	377	336
360	375	340
362	378	338
363	374	336
365	378	345
366	382	338
368	380	345
360	379	342
370	375	344
363	378	343
368	380	343
360	377	339
364	376	342
360	380	338
363	378	346
365	381	341
366	376	348
362	379	341
362	373	343
363	383	340
366	385	339
368	387	347
365	378	346
370	382	348
369	381	347
367	382	343
372	382	347
364	381	346
367	381	345
365	381	344
369	381	349
364	381	341
366	376	343
365	379	345
371	377	345
366	384	339
364	385	346
370	382	346
363	383	347
371	380	349
369	379	340
367	382	349
364	380	341
367	379	343
364	379	337
368	381	340
364	381	342
365	383	340
351	384	338
365	381	339
367	382	342
362	382	341
364	381	343
363	385	347
368	379	344
368	385	342
366	371	347
362	385	343
367	384	345
368	385	344
370	380	346
368	382	343
368	379	343
369	385	340
372	381	343
369	387	343
369	378	343
363	385	343
370	383	348
368	384	344
370	384	344
366	385	345
364	383	348
371	378	346
366	383	344
371	381	345
367	390	347
365	381	347
367	384	344
371	380	345
365	384	341
367	386	348
365	384	340
367	381	347
368	377	349
369	383	345
371	384	345
369	384	345
367	387	342
364	385	345
368	382	343
371	382	332
368	383	348
373	382	347
365	379	346
371	385	347
368	386	348
369	386	346
365	386	347
367	385	347
372	382	351
370	384	345
374	380	349
369	388	348
372	386	351
367	388	346
369	385	350
368	384	345
373	382	348
366	384	348
368	383	349
369	388	346
373	383	353
372	385	348
375	378	350
366	386	344
369	390	353
375	388	352
375	388	350
378	386	348
370	392	349
377	385	350
372	388	349
375	389	354
373	387	348
375	388	350
376	392	351
375	388	352
370	393	350
379	386	354
368	389	351
373	383	355
381	390	352
373	390	355
378	391	356
374	394	355
380	392	358
381	393	353
378	392	357
375	395	355
375	388	356
374	391	356
383	388	357
374	391	348
378	389	357
375	391	356
383	388	355
377	393	350
381	394	359
381	391	358
380	395	354
381	394	356
380	398	357
383	397	360
385	400	360
383	394	358
380	391	355
384	398	359
381	394	361
382	393	358
378	393	352
379	394	357
377	391	351
378	397	355
380	394	355
379	394	358
382	401	353
380	392	362
376	397	356
382	398	363
367	399	355
386	401	362
380	396	357
384	391	360
378	393	355
383	391	361
384	395	356
379	392	358
378	396	355
377	396	359
383	396	358
382	395	362
385	392	359
380	397	360
387	397	360
381	398	354
382	393	364
375	397	359
383	394	362
380	398	353
385	397	357
385	399	355
383	400	362
382	403	358
383	392	360
383	394	356
379	396	357
383	394	363
383	399	361
386	394	358
382	395	358
386	391	363
379	397	357
381	394	362
382	400	358
383	397	358
387	397	360
388	400	362
386	400	358
384	398	362
385	401	359
385	399	360
388	397	361
381	400	358
386	396	361
378	396	357
378	393	360
379	398	358
381	395	359
382	393	352
379	400	358
382	391	359
376	395	359
383	390	359
380	394	354
383	393	358
376	398	351
384	395	360
382	395	358
381	398	357
381	394	364
382	398	361
381	394	358
378	395	355
385	393	360
378	393	355
382	389	357
379	398	356
385	399	358
378	396	354
383	396	358
381	396	361
386	395	359
381	394	358
383	391	356
380	394	359
386	391	355
383	400	353
382	396	362
378	395	356
381	391	359
382	395	354
386	394	361
377	396	355
384	397	358
377	394	353
381	398	359
367	397	356
385	394	358
380	397	350
373	394	360
380	396	358
377	395	359
386	392	362
382	396	357
385	396	358
379	399	359
380	390	357
379	392	360
386	392	361
381	395	355
377	393	360
379	397	356
384	395	361
374	395	355
383	392	358
385	393	355
377	399	358
380	389	356
382	395	357
381	392	357
379	394	355
382	393	359
377	390	354
382	390	358
378	392	353
375	390	356
376	388	351
374	383	356
374	389	349
377	394	353
373	389	349
380	394	351
380	387	353
379	387	350
375	390	349
377	388	354
370	389	352
375	385	353
370	390	351
374	387	349
374	391	348
375	382	346
367	390	346
371	382	350
365	384	344
371	383	349
366	383	342
367	380	345
373	363	342
363	382	340
368	382	344
366	382	343
366	378	341
366	377	342
362	379	347
362	374	338
360	368	339
360	374	335
361	371	334
357	373	333
360	373	333
357	373	337
359	368	338
359	375	331
355	363	326
353	366	328
348	366	332
355	364	318
352	370	327
351	365	328
351	363	325
350	360	326
345	360	325
345	355	328
344	361	325
350	358	322
341	360	322
347	356	325
341	358	316
335	353	314
337	358	318
338	351	319
339	349	315
338	355	312
331	347	311
334	350	310
332	349	305
335	351	306
331	348	312
333	350	308
331	345	311
330	346	308
334	345	309
329	346	307
329	337	305
328	342	306
328	344	303
329	339	303
329	341	298
324	341	305
322	343	302
328	336	300
320	340	295
322	337	304
325	344	301
327	335	305
320	341	302
323	335	301
321	337	301
325	337	303
323	337	298
324	342	301
326	333	305
324	342	300
326	343	305
324	341	294
330	344	306
323	337	299
327	340	307
321	336	306
322	335	306
325	341	304
327	340	305
325	340	306
330	341	304
323	340	302
325	338	307
333	342	306
330	350	310
335	342	311
331	347	309
334	342	313
335	352	311
337	345	311
330	354	309
338	353	310
332	353	310
337	356	316
334	355	313
337	350	316
334	353	312
336	351	315
336	354	314
340	359	322
348	355	321
347	357	325
347	358	319
346	360	320
343	360	316
347	364	322
348	358	321
343	365	323
348	360	326
346	365	324
350	361	330
347	363	323
350	362	330
347	366	328
353	358	327
355	368	334
356	370	328
358	367	332
355	369	330
359	367	337
352	370	330
361	365	335
352	371	336
359	367	335
353	375	331
363	371	337
354	371	331
356	369	339
352	373	330
356	370	336
353	371	336
359	377	339
364	374	340
359	380	339
361	379	344
365	376	339
365	377	340
359	379	338
367	376	344
361	376	340
364	375	340
357	371	340
361	376	345
364	373	338
361	372	343
359	373	342
361	378	339
365	375	346
363	380	338
368	379	343
361	381	342
368	381	341
357	385	339
366	379	342
368	384	342
369	380	346
369	381	343
369	381	346
369	382	346
371	379	342
367	381	341
364	378	348
363	377	339
359	383	342
369	381	347
365	383	341
367	376	345
366	379	341
364	376	343
362	383	342
369	381	346
361	381	342
371	380	344
367	384	339
367	381	346
371	384	346
370	383	341
366	386	343
370	382	349
367	380	347
364	378	341
366	382	340
366	379	342
361	378	339
368	379	347
363	382	338
370	379	341
362	381	339
366	378	343
363	379	337
367	380	346
362	381	342
369	377	340
358	382	338
363	383	346
368	380	344
363	377	341
366	374	341
366	379	336
366	377	344
362	378	336
364	379	342
364	378	343
364	381	342
365	380	340
366	382	348
367	378	339
366	380	341
366	381	341
369	384	342
370	386	345
366	378	345
364	383	345
366	382	342
366	384	341
366	385	334
368	387	347
368	382	345
366	385	347
369	378	348
364	384	344
369	381	346
368	385	343
373	382	349
366	383	342
368	380	348
365	388	345
372	387	351
371	387	347
373	389	352
372	389	348
372	387	353
376	390	353
375	389	354
376	390	348
376	387	354
371	389	353
376	386	354
374	385	350
372	374	351
374	388	348
378	393	352
373	392	351
382	395	351
378	395	356
381	394	360
381	391	360
380	392	359
386	393	360
382	392	356
379	400	358
381	391	358
378	395	354
379	395	360
379	393	355
382	394	360
379	396	351
382	391	362
380	393	355
372	395	354
383	394	363
377	400	357
384	398	358
385	398	362
382	396	363
382	398	362
386	400	366
386	395	360
384	397	362
386	396	359
386	392	363
381	394	356
387	395	363
381	395	359
380	398	364
381	398	360
383	401	364
384	398	364
385	398	359
386	403	367
386	404	359
388	399	364
385	406	366
388	401	365
385	406	363
389	402	368
388	401	367
385	398	363
388	402	368
389	404	369
391	397	365
373	404	369
392	403	366
386	403	364
390	398	368
385	405	366
388	398	370
388	405	361
390	399	369
387	400	363
387	398	367
381	402	364
389	403	367
372	402	359
387	402	364
391	405	366
391	403	365
391	400	362
386	405	364
388	400	363
391	404	362
387	402	368
389	406	362
387	397	367
387	402	363
389	400	363
387	402	361
391	396	364
384	401	360
390	400	364
384	401	362
383	398	369
383	398	360
385	406	362
386	399	365
385	401	358
386	399	364
381	402	360
388	396	362
385	402	358
386	399	360
385	400	360
385	399	363
385	395	361
389	398	367
384	397	362
386	396	365
384	396	362
387	396	364
382	397	363
380	397	359
383	403	362
380	395	362
388	398	363
383	402	361
385	397	358
385	397	362
382	396	361
383	397	363
384	399	361
386	393	359
384	397	361
386	392	361
378	395	354
385	394	360
381	394	364
385	397	363
383	397	358
387	393	358
381	399	358
383	391	362
380	394	356
383	393	360
381	393	352
381	392	358
381	393	354
385	395	363
385	398	356
381	393	357
386	397	341
386	397	359
384	392	359
373	396	362
385	394	361
381	401	358
382	397	362
380	398	356
383	393	361
379	401	358
386	392	360
380	394	353
383	395	364
377	394	355
383	395	356
380	397	357
381	393	355
383	396	353
386	401	360
381	396	363
384	396	361
380	395	364
383	392	357
381	395	357
382	395	357
379	397	352
381	391	356
378	395	356
378	393	357
378	388	356
377	393	355
378	386	357
375	394	354
382	397	355
380	388	356
374	391	350
377	390	357
374	389	353
373	386	350
373	388	347
374	388	348
370	386	343
373	391	350
371	384	345
375	388	353
375	388	347
376	383	349
369	387	345
376	386	350
370	384	349
360	378	348
369	378	346
361	378	340
365	376	345
362	376	338
363	373	337
361	381	338
363	371	340
358	379	336
359	373	337
358	372	331
359	373	336
353	372	328
357	368	332
350	369	328
353	363	334
356	361	325
349	363	326
350	361	326
347	361	324
348	359	324
347	364	331
348	359	322
343	364	322
348	360	323
344	361	324
346	357	325
340	361	318
342	354	320
340	358	318
344	356	323
343	356	317
338	352	321
339	350	312
347	352	319
335	356	314
339	348	314
337	355	316
334	339	314
335	354	316
338	350	315
333	349	311
337	354	309
331	350	309
338	353	313
326	355	307
334	353	315
338	352	313
340	353	314
341	355	314
336	358	319
339	356	320
341	351	318
335	356	315
339	350	310
335	356	315
337	355	314
335	354	311
338	348	310
337	352	313
335	349	316
338	353	317
340	353	316
337	354	317
338	355	321
337	361	319
341	358	320
340	358	314
345	358	321
345	356	318
348	360	320
343	361	318
348	362	323
344	359	319
344	361	323
347	362	321
349	360	324
342	365	321
345	360	325
341	366	322
352	364	332
352	365	326
356	366	329
348	368	324
349	366	333
353	365	327
350	364	331
350	364	329
351	369	329
347	366	325
353	369	330
351	365	325
352	368	330
351	366	323
352	372	327
340	368	325
358	374	335
361	376	335
356	373	331
363	374	339
361	374	337
360	373	337
361	372	339
364	374	339
360	369	332
361	376	340
360	374	332
361	372	337
358	374	335
358	371	335
359	375	334
360	372	340
362	375	337
363	375	339
360	375	333
359	378	338
363	374	338
358	378	341
364	375	341
360	376	338
364	375	344
363	375	337
364	375	338
364	380	339
364	374	339
358	378	340
367	374	345
358	381	338
365	378	343
367	383	343
366	387	348
364	377	347
368	382	344
367	379	346
365	385	343
361	379	343
365	381	345
340	376	332
365	380	343
367	378	347
368	381	344
369	376	346
364	381	342
371	381	348
370	387	346
369	380	350
364	386	345
371	382	353
372	385	347
373	384	350
374	384	339
371	388	351
370	387	349
375	386	350
370	381	350
371	385	351
367	380	344
365	379	351
369	381	345
367	379	346
375	386	347
373	381	349
373	390	347
371	382	348
371	388	349
374	383	347
371	386	342
372	389	351
372	387	349
370	383	349
367	389	351
373	379	350
369	387	348
378	385	352
372	385	346
377	388	352
377	386	350
375	386	346
368	387	349
374	388	348
375	388	352
371	386	350
373	386	350
375	386	350
378	386	349
374	391	349
374	385	348
370	389	347
374	388	352
371	390	353
379	384	356
375	386	352
372	389	354
382	389	354
374	395	356
376	388	357
376	390	350
382	392	356
375	394	353
380	387	355
373	390	355
376	387	355
376	391	353
382	389	351
370	396	350
377	390	354
366	392	352
380	394	358
377	387	355
375	390	357
377	389	356
378	394	355
378	390	354
376	397	354
381	386	356
375	395	353
378	387	356
375	388	354
380	385	353
373	390	350
376	390	361
374	391	353
373	386	353
368	386	351
382	394	356
379	393	357
382	391	357
377	396	353
377	392	355
373	391	352
377	390	355
374	395	352
380	388	347
371	391	355
374	387	354
377	395	348
351	394	355
376	393	351
380	388	356
377	392	356
379	395	353
378	393	358
381	389	353
379	396	355
375	390	353
378	394	357
373	390	349
379	396	352
381	388	351
378	397	353
381	390	358
374	392	354
379	391	357
374	395	352
382	390	358
379	394	352
377	391	362
378	399	350
380	396	359
378	397	360
384	399	363
384	392	358
385	395	361
383	393	358
379	394	355
382	392	362
382	394	356
383	393	356
379	394	357
379	394	362
378	395	356
384	392	362
384	395	357
380	397	359
381	396	362
382	397	362
384	398	361
384	400	361
385	397	363
378	395	361
384	393	364
383	395	356
387	400	362
385	395	357
385	396	363
381	395	359
381	397	361
382	398	360
381	397	360
382	396	358
381	399	355
385	396	359
382	399	361
384	399	357
381	401	363
382	399	363
380	395	362
382	394	361
381	392	358
380	398	356
383	395	361
379	396	354
379	393	356
380	394	357
377	397	355
378	397	355
378	397	354
382	393	360
380	399	358
384	395	360
383	394	354
377	399	361
379	390	353
377	380	355
375	391	351
379	397	356
379	388	347
374	395	354
378	389	359
374	391	351
376	396	353
378	393	355
379	393	351
379	393	355
375	389	351
379	387	358
376	391	352
378	387	350
373	391	351
376	391	356
371	391	354
375	393	351
372	388	351
372	390	351
370	389	351
373	388	352
367	387	352
374	390	354
380	390	353
373	391	352
379	392	352
375	394	350
381	391	355
378	394	357
378	389	355
380	392	356
380	390	352
377	389	354
372	391	357
372	388	350
374	384	355
372	387	353
378	394	354
379	388	356
375	389	353
375	391	357
373	391	351
379	390	355
378	391	350
377	392	357
378	394	352
377	392	352
374	391	354
379	392	357
372	388	354
377	391	353
376	389	356
377	389	357
371	384	350
375	386	347
372	389	350
374	386	354
371	388	346
377	384	352
373	383	345
375	383	349
367	388	347
376	386	353
371	387	343
375	389	348
371	386	342
369	383	351
368	382	346
370	377	346
366	375	346
363	379	341
365	381	342
362	378	340
360	379	340
366	378	341
366	375	343
366	379	342
366	377	339
365	377	339
363	375	339
362	371	340
358	373	337
363	372	338
358	375	342
362	368	339
353	372	336
354	365	334
354	369	330
353	366	333
355	368	324
353	366	332
349	370	327
354	361	326
345	371	328
349	359	327
344	360	325
347	356	324
343	362	322
349	354	326
341	360	320
348	357	323
346	354	321
344	354	316
341	356	314
341	354	319
343	358	320
342	358	321
339	352	319
339	353	315
339	351	316
336	356	314
339	349	312
336	349	311
337	349	313
337	353	316
339	344	313
333	349	310
332	351	310
339	346	313
332	348	305
336	348	312
331	347	309
334	346	313
330	348	308
336	345	310
329	345	304
337	348	312
331	349	302
335	346	312
335	349	311
335	341	310
331	343	304
335	342	309
331	340	313
330	343	307
328	346	307
335	342	305
335	351	307
336	352	310
337	351	316
333	345	310
332	349	315
336	347	313
335	346	315
335	343	311
331	349	307
334	344	311
333	351	308
336	344	312
340	353	314
336	349	315
336	353	314
337	347	319
336	352	316
344	349	318
339	348	313
342	349	318
336	349	314
341	348	318
335	353	311
341	351	320
340	357	315
346	352	316
340	356	313
344	351	320
343	360	318
342	363	321
346	358	325
352	366	327
348	359	323
344	366	328
350	360	326
346	363	328
346	359	326
347	365	327
350	361	329
347	363	324
350	362	325
351	367	324
352	364	329
348	366	324
353	372	330
358	369	334
355	374	331
355	368	337
351	374	334
361	364	335
355	368	331
358	374	336
355	371	331
359	373	337
361	375	333
360	364	339
359	375	335
363	370	338
357	373	332
365	371	341
366	372	343
362	381	338
366	375	344
359	377	335
365	378	346
358	377	342
369	378	344
363	381	337
371	381	342
363	383	344
369	380	348
365	385	346
367	383	342
366	379	343
370	383	350
370	377	344
363	381	347
372	383	349
371	386	342
374	378	343
370	384	346
370	382	348
369	385	342
370	383	349
367	384	348
369	380	346
367	387	348
372	382	350
370	383	344
373	381	348
370	389	347
372	383	345
376	385	343
363	384	352
371	390	352
375	385	348
369	389	350
376	387	351
372	386	353
371	384	348
370	383	351
370	387	345
375	383	349
368	387	347
373	385	352
369	390	350
377	379	349
369	385	344
369	388	351
376	385	348
366	391	349
372	388	351
367	386	345
375	384	353
375	388	344
374	387	353
373	387	346
374	387	351
374	384	347
372	386	351
370	383	347
369	385	349
368	384	346
367	379	349
373	383	350
369	385	341
373	387	348
372	382	354
368	386	351
373	389	351
376	387	351
377	385	354
369	386	351
374	386	353
372	391	352
373	387	354
372	385	350
373	384	349
371	388	352
373	385	353
372	392	350
376	386	355
369	394	351
375	385	355
374	389	351
377	386	357
370	386	347
376	386	358
371	390	349
374	392	353
370	387	347
374	392	354
375	392	351
380	385	353
374	389	351
378	390	355
377	385	356
377	391	353
381	390	353
379	392	347
377	387	356
377	395	354
378	390	357
374	391	353
384	391	358
376	392	354
374	387	354
374	394	355
378	386	355
377	387	351
378	391	355
375	390	349
377	396	355
382	395	359
382	396	355
381	397	359
380	390	361
381	396	356
383	391	358
382	398	355
380	395	363
377	395	357
380	389	360
377	393	352
380	391	359
381	389	354
384	397	359
377	399	359
384	398	354
381	399	361
383	399	358
383	398	362
385	396	365
386	399	360
386	393	361
384	402	360
383	398	358
379	401	359
385	399	358
379	396	359
384	396	361
382	401	360
385	396	362
385	399	360
383	397	364
382	402	356
383	400	366
378	400	360
386	401	367
387	400	361
388	400	360
387	403	360
386	398	362
388	402	363
385	398	362
385	398	358
385	401	362
383	397	355
389	400	363
381	396	355
383	398	357
382	395	360
383	394	356
381	395	361
380	399	361
382	399	360
382	400	358
386	399	362
386	402	355
384	402	362
383	396	359
382	398	365
383	392	361
386	394	360
386	390	359
382	399	358
381	396	360
379	397	358
386	394	362
380	392	352
381	395	362
377	394	354
381	392	362
380	393	353
381	397	357
376	391	351
379	395	355
379	394	355
377	393	353
383	390	354
374	396	359
378	395	357
379	396	357
384	392	357
384	394	358
385	396	358
378	395	360
378	395	354
381	392	359
381	396	352
374	391	351
378	396	354
379	391	348
376	396	353
382	389	357
377	395	357
381	388	356
376	394	352
376	391	358
375	398	359
379	396	363
381	397	356
385	398	359
383	397	359
383	397	355
384	394	356
381	399	360
383	396	358
386	397	362
382	396	358
379	395	358
382	393	360
378	399	357
379	393	347
385	400	355
384	394	363
383	396	359
382	394	360
378	400	357
380	396	355
380	392	354
383	401	361
383	401	360
386	398	361
383	395	360
384	397	358
383	397	362
384	397	362
383	393	360
385	394	363
382	393	356
377	398	359
385	390	358
378	397	353
382	392	363
375	390	355
382	390	352
379	396	352
378	392	352
373	392	349
374	394	354
372	394	352
378	395	358
375	388	351
376	391	358
376	395	352
376	391	351
372	393	354
373	389	353
372	390	350
377	385	350
370	391	352
376	383	352
371	386	350
375	384	349
366	386	343
372	381	348
365	387	346
369	383	351
365	384	348
370	379	345
366	387	346
362	385	346
367	384	343
369	380	344
366	383	342
365	380	348
369	375	343
363	380	341
365	380	339
360	380	339
365	376	342
360	379	340
364	372	342
358	375	335
363	374	341
360	379	334
364	369	339
360	375	330
355	362	332
355	366	326
354	370	327
353	363	326
353	366	322
356	363	326
349	369	332
350	363	328
346	361	324
350	362	327
349	364	328
350	363	329
350	361	323
349	358	328
348	366	322
343	354	320
337	353	318
343	356	315
346	356	316
337	355	316
343	353	320
339	354	312
339	353	319
332	353	316
336	349	319
331	352	311
336	347	313
332	353	314
340	344	313
339	347	311
334	344	312
334	349	310
336	347	307
336	344	311
327	353	311
333	344	311
328	344	306
335	346	313
332	345	306
336	343	311
332	350	304
332	332	311
327	350	306
335	349	313
326	345	304
334	343	311
331	347	304
332	349	311
332	351	311
332	350	314
339	345	313
334	348	316
332	343	312
332	348	313
336	344	314
338	347	313
337	346	316
335	348	313
337	345	311
333	349	309
336	347	301
334	349	308
336	350	312
344	354	318
345	352	317
343	353	313
343	352	321
338	358	315
342	351	320
338	356	316
344	355	324
343	361	316
346	357	320
340	359	319
346	359	321
338	360	320
347	360	324
340	362	321
345	359	324
353	362	325
348	368	325
354	363	327
350	365	329
353	363	331
349	366	324
351	364	333
351	363	325
351	362	334
351	364	327
352	363	330
353	370	330
354	365	333
353	372	330
357	367	329
348	371	330
358	377	331
363	372	337
362	374	336
361	373	336
359	371	337
361	373	337
357	369	330
356	378	336
358	373	338
356	376	339
360	369	338
358	377	337
365	371	339
359	376	335
365	373	337
359	374	335
360	371	342
358	381	336
367	380	343
364	380	344
368	381	341
363	381	346
367	380	346
363	378	346
364	381	345
366	378	347
365	381	342
365	375	335
365	376	339
360	377	339
366	384	343
353	382	343
369	387	346
372	380	348
365	380	346
368	378	344
365	385	344
369	382	349
363	382	346
371	381	348
369	384	343
372	384	349
367	383	340
373	384	349
365	386	347
373	380	345
364	388	345
373	381	349
372	382	348
371	387	345
369	381	351
368	387	348
373	379	345
368	385	346
372	378	348
368	383	345
369	380	352
365	383	342
369	381	352
368	385	344
372	378	347
365	384	342
370	378	350
370	386	347
368	385	348
375	381	348
369	385	350
372	385	346
372	388	345
373	387	348
368	387	347
376	383	348
369	384	346
371	384	348
369	385	347
375	383	351
369	387	347
370	381	352
369	383	346
370	385	349
379	384	354
376	391	348
374	388	355
372	391	352
377	382	352
373	391	350
376	388	351
373	395	350
374	388	351
378	392	359
378	390	356
376	390	352
379	385	355
375	391	351
380	387	352
374	388	347
378	390	352
380	393	360
375	390	357
383	391	358
375	397	354
382	394	358
375	396	354
380	395	360
385	395	344
381	393	355
383	398	356
385	391	358
382	389	356
382	394	362
384	394	3