434	457	384
436	457	390
427	457	385
438	454	375
440	461	387
429	460	375
430	451	385
428	459	382
428	444	383
427	457	384
430	458	384
432	447	376
425	451	371
431	444	380
420	451	369
424	439	374
420	445	372
414	435	368
405	435	365
412	442	371
412	429	367
410	433	369
416	435	369
414	429	365
408	432	354
409	421	363
405	431	351
415	432	360
408	434	355
415	432	360
409	431	362
403	442	360
413	427	361
408	440	359
444	464	403
449	477	407
458	481	420
461	493	419
472	490	427
478	491	436
483	506	436
494	511	448
495	530	452
515	533	472
519	546	471
530	549	488
539	566	502
552	571	506
558	581	521
572	597	522
657	681	612
664	689	619
683	697	641
690	717	652
701	726	663
710	741	675
727	754	686
738	765	699
751	771	710
764	769	719
769	798	733
794	799	745
789	801	754
802	793	772
797	799	769
801	799	781
795	800	793
801	802	795
803	802	795
796	802	797
799	802	794
796	802	795
801	797	798
796	800	795
798	797	796
795	801	794
800	799	796
788	803	794
802	795	793
796	803	794
800	800	796
796	799	794
797	800	791
798	795	787
795	804	794
797	797	792
799	803	792
800	797	794
795	797	793
801	795	791
794	803	796
798	797	790
795	802	793
791	798	792
797	803	792
794	799	792
797	796	794
795	800	793
800	796	798
798	798	792
793	795	792
798	797	791
796	796	795
794	799	794
799	798	796
793	797	790
799	801	793
797	799	791
798	793	795
794	797	791
800	795	796
795	798	792
802	799	796
796	801	791
795	801	797
797	800	792
799	796	795
796	795	791
799	799	793
796	795	791
800	796	793
797	799	791
802	794	795
797	798	790
801	796	794
796	802	794
800	795	793
799	799	793
795	793	795
795	801	792
799	799	797
797	799	789
800	796	794
796	798	790
803	795	795
793	801	794
799	796	795
793	796	791
802	795	796
797	799	793
801	795	793
796	801	792
800	795	794
794	799	795
801	796	794
798	803	789
796	796	797
797	799	794
800	792	795
796	800	791
795	794	798
795	800	790
798	799	798
792	802	791
800	795	795
795	804	791
797	797	794
796	802	795
799	797	796
796	798	792
800	798	795
798	799	793
795	799	792
798	798	795
798	803	792
799	799	796
800	798	791
799	799	796
794	798	797
799	798	796
793	800	792
798	798	800
800	798	792
801	801	794
796	801	793
798	795	795
800	799	791
803	796	794
791	796	793
796	801	790
798	798	792
802	803	789
801	800	796
794	801	789
799	802	793
796	800	791
800	801	797
792	802	790
797	801	795
788	799	791
801	796	792
794	805	795
797	795	798
800	796	793
796	797	796
795	800	790
798	800	796
792	801	793
803	795	795
792	800	793
800	797	793
800	799	796
796	797	794
800	801	796
802	802	792
798	801	796
800	800	792
796	798	798
797	798	788
802	793	795
801	798	790
796	796	795
800	797	790
799	799	796
797	802	792
801	799	793
794	803	794
804	793	796
797	799	783
796	794	779
797	797	768
798	797	768
798	801	749
799	802	747
792	798	746
783	798	733
747	767	701
744	758	688
739	753	694
732	751	682
729	741	682
722	742	671
726	739	677
709	727	661
716	726	659
704	730	654
701	719	653
688	717	652
681	708	633
681	702	634
679	701	628
683	696	632
648	665	589
648	667	597
638	663	582
642	659	581
626	659	579
629	646	580
624	646	567
618	630	568
608	631	562
616	627	560
607	625	551
600	628	540
593	622	546
586	613	534
589	606	542
581	601	521
558	567	500
555	564	501
543	568	492
545	559	495
531	560	489
541	549	486
532	559	480
535	542	473
514	549	470
519	533	465
511	540	466
507	534	464
506	532	458
497	525	449
501	521	448
487	514	444
466	479	409
456	477	415
453	480	407
466	477	412
451	474	403
448	462	396
440	463	392
436	455	387
436	450	392
435	451	377
437	447	377
431	456	376
432	446	377
416	443	373
424	434	364
419	435	368
387	409	331
385	409	342
378	407	330
382	398	329
374	396	319
377	392	326
365	393	314
363	381	322
360	383	316
359	381	311
359	381	314
349	379	305
355	364	301
340	367	295
342	361	289
336	359	290
322	338	278
318	342	262
321	336	267
313	336	261
302	328	252
303	325	262
300	321	253
301	311	251
298	312	246
295	311	245
293	321	242
293	306	244
284	314	233
286	299	232
274	309	230
283	303	234
257	280	209
249	282	204
253	273	210
249	276	198
255	268	203
245	271	193
249	262	197
239	268	190
240	258	199
235	261	190
236	256	184
236	259	180
234	249	185
225	251	181
228	247	174
229	244	173
212	230	152
212	225	160
199	219	150
206	218	155
195	221	153
204	214	145
192	214	142
197	208	146
191	213	135
193	208	147
184	210	134
188	206	140
178	210	135
180	193	139
174	202	129
178	195	129
158	184	120
161	185	115
164	185	109
153	181	113
158	175	109
151	188	106
153	171	105
149	184	94
152	169	104
143	174	93
144	159	105
136	168	91
150	159	93
139	155	83
137	155	90
129	155	84
126	139	70
119	141	67
122	145	68
121	133	68
114	142	66
122	130	65
109	137	63
111	136	69
111	136	58
112	131	59
108	133	57
103	124	61
108	129	56
107	122	51
104	117	52
102	119	49
88	112	33
83	108	39
79	103	36
77	102	33
82	94	27
75	93	20
67	99	28
79	88	22
67	99	18
71	91	20
65	88	17
65	94	15
71	81	17
59	75	11
59	86	9
61	74	9
51	74	0
44	67	0
44	63	0
50	67	0
42	69	0
38	59	0
44	58	0
40	56	0
40	61	0
30	58	0
28	51	0
38	47	0
33	46	0
27	55	0
14	40	0
22	44	0
21	40	0
12	31	0
10	28	0
15	33	0
4	33	0
5	30	0
1	23	0
3	7	0
0	19	0
2	26	0
0	17	0
0	19	0
0	16	0
0	16	0
0	18	0
0	11	0
0	11	0
0	8	0
0	14	0
0	0	0
0	8	0
0	9	0
0	6	0
0	0	0
0	6	0
0	0	0
0	0	0
0	4	0
0	0	0
0	1	0
0	0	0
0	0	0
0	0	0
0	0	0
0	0	0
0	0	0
0	0	0
0	0	0
0	0	0
0	0	0
0	0	0
0	0	0
0	4	0
0	0	0
0	0	0
0	0	0
0	0	0
0	0	0
0	4	0
0	1	0
0	0	0
0	0	0
0	5	0
0	0	0
0	0	0
0	0	0
0	5	0
0	2	0
0	0	0
0	1	0
0	6	0
0	8	0
0	1	0
0	4	0
0	0	0
0	1	0
0	0	0
0	0	0
0	4	0
0	1	0
0	0	0
0	5	0
0	0	0
0	1	0
0	0	0
0	0	0
0	0	0
0	0	0
0	0	0
0	0	0
0	0	0
0	0	0
0	0	0
0	0	0
0	0	0
0	0	0
0	0	0
0	0	0
0	0	0
0	0	0
0	0	0
0	0	0
0	0	0
0	0	0
0	0	0
0	0	0
0	0	0
0	0	0
0	0	0
0	0	0
0	0	0
0	0	0
0	0	0
0	0	0
0	0	0
0	0	0
0	0	0
0	0	0
0	0	0
0	0	0
0	0	0
0	0	0
0	0	0
0	0	0
0	0	0
0	0	0
0	0	0
0	0	0
0	0	0
0	0	0
0	0	0
0	0	0
0	0	0
0	0	0
0	0	0
0	0	0
0	0	0
0	0	0
0	0	0
0	0	0
0	0	0
0	0	0
0	0	0
0	0	0
0	0	0
0	0	0
0	0	0
0	0	0
0	0	0
0	0	0
0	0	0
0	0	0
0	0	0
0	0	0
0	0	0
0	0	0
0	0	0
0	0	0
0	0	0
0	0	0
0	0	0
0	0	0
0	0	0
0	0	0
0	0	0
0	0	0
0	0	0
0	0	0
0	0	0
0	0	0
0	0	0
0	0	0
0	0	0
0	0	0
0	0	0
0	0	0
0	0	0
0	0	0
0	0	0
0	0	0
0	0	0
0	0	0
0	0	0
0	0	0
0	0	0
0	0	0
0	0	0
0	0	0
0	0	0
0	0	0
0	0	0
0	0	0
0	0	0
0	0	0
0	0	0
0	0	0
0	0	0
0	0	0
0	0	0
0	0	0
0	0	0
0	0	0
0	0	0
0	0	0
0	0	0
0	0	0
0	0	0
0	0	0
0	0	0
0	0	0
0	0	0
0	0	0
0	0	0
0	0	0
0	0	0
0	0	0
0	0	0
0	0	0
0	0	0
0	0	0
0	0	0
0	0	0
0	0	0
0	0	0
0	0	0
0	0	0
0	0	0
0	0	0
0	0	0
0	0	0
0	0	0
0	0	0
0	0	0
0	0	0
0	0	0
0	0	0
0	0	0
0	0	0
0	0	0
0	0	0
0	0	0
0	0	0
0	0	0
0	0	0
0	0	0
0	0	0
0	0	0
0	0	0
0	0	0
0	0	0
0	0	0
0	0	0
0	0	0
0	0	0
0	0	0
0	0	0
0	0	0
0	0	0
0	0	0
0	0	0
0	8	0
0	6	0
0	1	0
0	1	0
0	1	0
0	3	0
0	19	0
5	16	0
0	20	0
4	16	0
2	23	0
0	28	0
8	26	0
8	28	0
8	32	0
8	27	0
10	40	0
8	43	0
16	42	0
17	31	0
22	41	0
16	43	0
24	51	0
27	48	0
38	47	0
36	58	0
35	60	0
31	60	0
37	59	0
43	57	0
40	65	0
33	63	0
47	70	0
47	67	5
42	75	2
47	78	5
52	67	5
44	65	0
70	84	17
69	90	14
73	98	24
71	105	31
78	105	35
80	96	36
75	110	33
84	101	44
80	103	30
80	115	40
94	105	42
85	121	43
95	116	56
99	126	47
110	130	53
102	134	62
138	154	88
130	163	93
142	162	98
141	171	94
147	172	104
146	183	98
157	180	115
162	192	112
165	194	124
156	189	122
177	196	130
173	201	123
180	199	136
183	204	138
188	215	144
187	222	145
228	242	169
222	254	185
230	251	189
228	264	190
239	261	199
239	271	199
248	266	208
253	279	204
262	279	207
254	283	214
257	281	215
268	289	219
263	290	216
276	292	228
275	295	224
281	303	237
302	332	266
312	342	268
313	339	276
322	338	265
318	344	270
320	348	271
332	350	281
322	352	280
330	353	286
340	361	289
338	361	285
342	362	297
334	365	289
346	359	298
340	373	294
345	361	300
358	391	313
361	382	317
361	392	313
375	392	318
366	392	317
363	395	326
366	387	323
372	393	322
377	393	328
376	396	328
387	399	331
374	405	329
385	406	338
380	408	335
365	400	335
376	398	335
401	410	349
393	416	355
394	416	348
399	424	349
397	428	342
402	418	347
389	427	346
403	420	358
396	424	350
400	416	355
400	419	357
400	422	352
401	427	352
401	427	343
408	429	355
397	426	349
408	423	358
407	427	355
407	419	356
407	427	353
403	429	357
404	426	351
407	423	355
401	426	364
402	431	350
404	427	362
399	435	355
404	422	356
397	429	357
403	424	348
400	418	357
394	419	349
398	423	352
396	423	351
408	421	351
401	423	348
402	422	356
400	430	356
404	425	352
403	419	358
402	422	344
399	417	351
396	426	345
401	420	353
392	424	347
395	413	339
393	423	345
393	411	344
387	413	351
391	407	335
394	410	346
388	417	341
394	407	345
388	413	338
393	408	340
381	415	337
389	408	341
388	408	340
391	404	339
386	401	335
387	410	330
385	412	331
373	411	326
382	403	337
383	400	328
379	402	333
372	403	326
377	400	330
378	406	320
380	393	326
371	401	324
384	393	325
367	398	329
379	391	328
376	391	329
372	388	328
376	392	330
372	393	317
372	389	326
363	396	315
373	384	313
363	392	328
366	390	314
369	388	330
368	389	317
374	383	326
363	395	318
371	387	328
360	393	311
366	391	322
361	398	321
367	387	325
367	391	321
365	393	316
368	389	324
362	392	315
368	396	316
367	390	327
357	387	319
372	379	318
366	395	311
365	387	323
359	391	313
362	383	315
363	390	315
357	384	312
363	378	323
358	385	310
366	381	315
365	393	313
371	383	320
364	388	307
374	386	320
363	386	320
370	386	322
367	389	318
374	391	322
364	391	319
363	391	323
365	390	320
364	389	309
364	389	319
361	392	315
368	379	322
361	393	320
364	381	319
370	391	326
373	389	312
369	384	322
367	392	318
370	385	324
366	392	325
379	388	327
365	395	322
378	392	323
370	394	324
371	387	315
366	397	325
368	392	323
371	383	327
364	391	318
377	393	329
369	396	318
378	388	323
374	400	339
385	405	327
379	402	339
382	408	336
387	404	329
387	413	326
383	403	338
377	405	330
383	399	340
372	406	328
380	395	342
383	403	327
386	402	334
385	407	336
391	406	326
382	413	334
391	413	345
401	409	347
386	417	344
392	407	352
391	415	343
395	413	347
394	424	340
395	418	345
393	409	347
393	412	346
402	414	349
393	420	346
400	418	350
390	425	351
398	415	350
390	419	348
405	432	356
409	425	360
408	426	349
403	430	356
406	425	346
399	425	357
399	422	350
402	415	357
397	427	349
407	426	353
405	429	354
410	422	345
398	433	354
400	423	352
404	419	362
402	428	351
404	423	367
407	431	352
404	427	368
404	426	362
407	423	361
400	433	356
412	425	364
405	434	361
407	424	361
412	427	370
408	423	359
414	429	364
405	436	359
410	426	369
407	439	365
406	436	361
419	431	358
406	441	363
414	431	357
412	442	364
418	436	358
412	436	364
413	437	357
422	432	374
412	446	366
422	433	367
410	443	364
418	439	368
413	445	371
410	439	367
419	431	368
414	444	368
424	437	363
411	427	367
412	439	372
417	439	378
410	444	372
424	437	372
420	443	376
413	442	368
413	436	376
415	438	368
422	435	376
412	447	373
426	443	377
418	450	377
423	442	371
429	446	373
418	446	376
429	441	377
420	446	367
425	445	377
414	448	378
423	445	374
417	444	373
414	439	375
420	440	380
415	446	370
420	438	362
415	443	369
419	437	369
418	437	383
415	441	369
428	444	377
420	439	386
424	452	371
428	442	376
418	454	374
429	447	381
422	452	381
423	442	383
425	450	376
412	442	373
422	443	382
426	447	374
435	443	379
428	455	373
434	447	383
421	448	379
431	443	373
427	453	380
422	461	380
434	449	388
427	454	394
438	447	384
439	453	389
432	458	383
440	459	387
431	462	376
435	460	389
430	460	388
430	450	392
428	456	386
432	451	391
425	460	386
433	452	384
435	451	392
439	460	380
438	459	398
433	457	389
446	451	390
438	465	391
444	451	391
435	465	384
442	456	388
434	463	391
437	461	384
441	457	388
437	465	386
439	454	389
437	460	385
439	456	392
442	469	392
446	456	379
442	470	398
443	463	386
440	466	396
439	465	388
446	461	399
442	469	397
446	459	395
439	465	387
448	463	390
440	465	397
440	462	395
444	456	401
440	463	396
452	462	398
445	451	401
443	470	387
449	467	396
441	477	393
447	460	399
441	468	399
452	461	403
442	465	403
449	460	400
450	473	401
446	469	387
446	469	393
435	474	391
448	461	395
435	473	396
441	463	403
447	466	397
441	465	396
440	467	395
448	468	400
446	464	408
444	465	398
454	465	400
445	472	391
454	460	396
448	472	399
451	460	399
442	470	402
447	466	395
453	473	402
447	469	390
447	471	398
453	478	394
454	465	407
443	474	403
448	463	401
445	473	397
452	464	403
444	474	400
429	463	398
448	463	404
445	444	397
452	462	403
444	471	395
454	471	401
447	470	394
445	468	396
447	455	395
450	475	409
459	471	404
454	476	398
453	478	410
455	479	416
460	476	413
457	477	409
457	484	410
459	474	413
451	479	401
457	475	411
452	479	405
457	474	413
455	477	408
455	482	403
459	476	415
456	481	410
464	484	415
467	485	414
462	483	413
465	478	420
458	488	415
464	479	419
460	482	419
463	478	416
468	488	415
462	482	407
467	486	420
458	482	408
464	481	421
458	485	415
467	480	411
462	478	424
460	486	412
473	483	420
463	493	416
470	487	419
461	492	416
471	486	416
464	488	416
466	486	410
466	482	421
458	488	410
457	477	412
464	487	415
464	486	406
464	481	407
449	486	405
464	479	405
452	475	418
451	470	405
460	478	412
449	482	402
454	475	407
449	479	405
450	475	407
446	478	403
451	472	405
445	476	407
455	467	400
456	473	401
446	468	396
446	463	399
440	464	405
436	456	390
439	456	391
428	453	386
435	456	393
428	454	378
443	456	390
430	455	379
430	451	377
432	459	381
429	451	382
420	450	386
424	451	377
428	444	386
419	455	370
425	447	380
424	448	374
426	438	375
418	440	369
418	432	371
415	438	365
421	437	366
423	440	363
418	440	360
418	430	369
410	436	354
406	429	359
400	427	355
410	423	353
405	420	358
400	424	356
400	423	363
392	426	352
393	420	354
395	426	347
401	417	352
387	422	349
403	411	350
392	421	339
394	408	353
395	418	342
391	410	340
388	408	341
386	411	339
390	408	349
390	409	333
392	408	343
387	416	336
390	408	342
380	406	337
378	416	332
391	405	336
381	416	331
387	407	340
379	407	337
383	406	335
382	408	327
382	409	330
383	411	330
376	407	332
389	403	343
376	405	331
384	395	342
383	402	330
382	401	329
384	409	338
387	413	336
391	400	336
378	407	338
390	401	336
379	407	336
390	406	333
384	415	342
385	408	333
386	407	334
381	413	329
388	410	331
382	406	325
379	405	337
376	411	332
384	403	335
383	389	334
379	401	332
379	407	339
377	405	329
380	403	334
381	401	332
383	401	340
375	399	337
390	403	340
379	405	329
389	403	339
382	409	332
385	404	342
383	403	329
385	403	333
384	406	328
392	411	342
391	409	344
391	407	337
396	409	340
382	404	335
394	402	336
380	413	336
386	400	339
380	410	341
387	406	336
387	410	340
386	411	329
388	411	340
381	411	334
389	404	341
379	408	335
393	404	339
388	405	344
380	406	341
395	404	340
388	409	338
390	408	347
385	413	340
394	410	346
392	418	341
389	412	333
394	406	346
388	417	334
391	409	345
386	417	340
396	412	344
390	412	347
389	415	335
394	419	347
381	413	337
395	405	348
389	417	335
397	411	342
395	417	341
394	410	340
389	418	345
389	412	340
390	409	349
383	410	342
398	416	344
386	420	337
395	414	348
387	423	339
403	414	354
392	423	342
398	413	346
393	423	355
395	417	351
402	423	357
399	426	355
404	419	354
400	423	345
396	421	359
399	424	348
401	419	356
389	419	352
397	417	357
398	419	351
401	427	350
407	424	348
402	427	349
404	419	347
397	432	352
395	423	357
396	419	361
401	424	357
413	424	361
404	429	355
413	426	366
402	428	359
409	419	358
403	434	363
408	423	359
412	432	355
408	437	355
412	428	357
405	429	357
405	432	356
410	433	367
408	430	360
413	432	370
412	440	365
413	429	356
411	431	361
407	431	360
413	432	368
406	431	366
416	425	367
408	440	359
412	428	366
406	438	363
422	444	362
426	438	372
410	440	367
419	437	372
414	444	364
425	437	367
422	447	364
420	435	354
415	448	364
410	439	366
416	440	374
421	442	364
426	439	368
414	441	368
414	434	368
422	434	378
425	455	375
427	448	380
431	456	382
426	449	377
426	456	375
430	446	386
419	448	381
425	443	377
425	450	381
428	447	384
431	451	383
423	451	370
430	449	380
419	452	371
434	446	383
422	449	376
434	459	378
428	449	389
423	454	381
437	450	392
432	457	380
434	454	388
433	454	389
430	450	384
433	454	386
433	462	376
441	451	389
428	460	377
431	453	385
425	459	382
432	450	386
435	457	390
434	451	378
438	452	384
429	461	379
436	457	388
436	464	383
441	456	388
427	457	383
434	456	388
436	455	397
434	452	389
444	454	392
436	462	391
441	454	390
432	462	390
440	454	383
438	453	388
444	457	394
438	463	398
438	460	397
445	462	395
444	466	385
448	462	391
435	468	388
447	459	389
430	466	398
438	462	387
440	465	391
435	471	385
439	467	394
436	467	387
443	456	392
435	464	382
437	464	393
448	461	392
441	470	391
445	460	395
438	470	400
441	457	394
444	464	397
444	466	382
439	469	392
433	468	383
437	459	395
439	468	384
443	459	392
440	463	395
442	463	387
441	460	391
439	469	402
446	464	402
445	466	401
440	463	387
454	467	398
439	468	388
445	462	393
437	470	393
450	466	398
441	472	401
448	467	398
447	465	393
438	473	391
446	468	400
440	472	383
448	462	391
438	468	395
447	465	390
445	471	398
442	466	389
443	470	399
440	460	392
442	465	400
439	469	395
449	463	397
441	471	391
450	466	390
446	465	390
445	465	390
449	464	396
442	469	394
446	465	399
441	474	389
448	462	397
445	473	408
451	466	399
455	474	405
447	474	391
419	475	401
446	472	398
445	472	406
436	470	398
444	460	397
438	468	394
445	459	401
441	470	401
452	464	393
444	469	394
442	471	404
453	474	396
452	477	404
450	474	400
448	467	402
441	474	396
452	468	403
450	471	404
449	463	400
454	468	405
447	473	388
452	469	399
448	471	394
448	461	406
445	467	393
448	461	390
442	464	401
444	467	396
445	464	408
440	464	400
446	462	400
441	472	396
450	467	408
445	467	396
448	462	401
443	471	402
448	462	400
455	467	402
443	470	391
450	465	397
439	465	402
445	461	402
437	464	388
438	461	388
439	460	394
438	462	395
440	459	400
435	463	391
450	465	398
439	469	392
448	462	384
436	459	389
435	456	385
442	451	393
437	460	382
444	449	391
430	456	388
443	454	389
423	444	387
426	459	381
432	444	386
424	454	380
429	442	380
426	448	381
434	438	373
421	443	373
415	438	372
418	435	374
417	440	371
417	433	374
415	439	367
417	431	363
413	436	367
411	428	364
406	432	365
413	429	366
413	435	359
409	430	366
408	430	347
403	428	362
400	430	354
402	416	361
394	421	348
404	421	353
394	426	349
401	418	346
395	423	351
394	411	348
396	409	347
393	418	336
392	411	339
382	416	340
392	406	343
388	412	348
393	402	339
391	413	342
392	416	335
393	407	337
382	414	331
387	404	342
376	404	330
384	401	333
373	403	334
381	398	338
382	404	338
386	406	325
379	399	327
374	398	326
375	400	326
371	393	331
366	391	327
374	389	332
370	396	319
377	392	326
373	407	324
375	394	324
371	403	323
375	391	322
368	397	327
377	390	317
373	387	328
363	403	322
379	397	329
371	402	322
373	398	332
366	393	327
381	396	324
377	402	329
378	401	321
374	395	334
369	400	327
379	385	328
374	394	322
379	388	329
368	399	320
370	393	323
372	397	328
369	393	323
374	391	334
377	393	325
378	396	338
368	397	326
382	394	333
377	405	322
385	398	333
380	397	328
381	401	338
380	399	333
379	399	329
387	406	331
374	409	330
386	403	339
361	408	334
385	399	334
382	409	329
387	403	334
386	415	332
386	411	337
379	409	330
383	399	342
380	409	334
387	400	333
380	413	336
387	411	337
388	410	344
387	415	332
388	401	334
377	414	334
385	405	342
383	409	333
390	407	341
386	413	345
394	413	342
391	410	341
390	410	341
387	407	351
390	411	334
390	414	345
388	414	341
397	410	348
388	420	347
391	411	339
395	421	350
392	408	342
392	414	341
393	420	336
396	409	342
388	416	343
393	412	347
389	414	353
393	411	345
399	413	343
388	415	341
394	413	347
393	422	350
402	410	347
396	418	346
394	410	350
397	411	356
395	413	344
398	410	355
389	422	343
407	418	351
395	429	352
403	422	355
393	422	354
408	416	360
398	426	362
404	420	361
410	424	358
405	425	347
403	422	357
392	424	351
399	420	353
397	425	349
401	420	353
396	423	358
401	431	345
399	432	358
403	423	358
403	426	356
404	430	357
406	425	358
406	426	359
402	421	359
400	428	353
408	429	358
406	428	359
415	426	362
408	432	363
404	426	361
409	423	364
410	430	359
411	430	366
410	433	366
416	440	359
421	441	364
403	445	362
419	430	373
407	435	365
413	433	371
406	440	364
414	435	364
416	438	362
406	436	360
415	432	376
410	448	363
412	434	361
409	437	363
406	433	364
414	434	367
409	448	376
424	441	377
417	440	378
425	440	371
420	439	373
420	444	363
424	436	375
413	444	371
417	431	373
413	438	367
418	433	366
414	438	370
413	437	372
417	434	372
412	446	371
424	445	373
423	442	380
425	443	379
426	444	374
429	448	367
430	447	379
415	445	367
423	442	377
424	452	379
426	446	377
428	444	378
426	452	368
419	447	375
417	451	369
425	437	378
419	450	371
427	445	377
428	441	384
419	446	371
431	438	380
423	453	371
428	447	376
416	447	375
429	448	373
424	447	376
424	450	374
427	447	375
419	454	373
431	437	379
425	454	387
424	447	382
425	449	385
432	453	380
435	448	381
431	461	380
433	446	371
428	454	382
427	448	375
427	453	384
427	452	385
429	451	390
429	450	385
434	451	389
431	452	379
430	448	382
427	456	388
433	450	384
431	457	383
422	456	378
436	449	387
430	458	382
438	453	381
428	454	377
436	454	379
430	456	386
430	451	383
428	445	387
427	452	384
436	447	378
430	457	384
425	446	375
429	433	377
428	450	376
426	447	382
432	450	382
436	454	389
417	459	380
435	454	384
428	454	376
431	452	384
423	454	389
434	455	389
434	454	387
428	453	373
429	451	381
423	449	374
433	447	387
427	450	382
434	444	383
424	449	380
427	455	383
439	445	383
428	453	377
435	452	389
423	451	378
433	452	388
429	457	391
437	449	389
438	450	389
432	456	382
438	450	390
430	453	382
428	444	383
426	451	381
436	454	377
437	451	378
429	456	383
437	445	384
425	454	376
439	452	381
429	460	377
421	456	381
432	453	385
429	457	381
434	451	387
432	462	376
430	451	387
430	463	382
434	450	388
432	460	386
437	457	377
439	454	387
437	464	384
439	459	390
426	461	380
442	456	393
431	459	384
433	459	394
429	462	390
434	452	393
441	459	396
445	466	387
442	460	395
429	456	382
437	450	392
434	456	384
439	456	389
433	465	386
440	465	394
445	460	391
432	465	386
435	464	394
440	471	397
445	463	391
439	468	393
439	472	386
441	469	393
438	469	387
442	460	395
430	462	392
440	457	397
434	463	400
441	468	382
443	464	392
434	465	392
443	459	398
449	462	397
442	463	391
447	461	392
442	468	387
448	459	397
440	470	395
443	458	389
435	471	397
441	463	395
443	465	399
436	467	389
440	463	387
430	463	380
439	456	390
435	468	391
444	454	392
435	467	383
444	456	390
430	464	388
435	453	380
429	452	385
425	459	383
427	450	389
427	450	382
438	450	384
429	452	382
433	453	384
429	414	381
422	446	377
430	444	383
425	458	374
428	444	378
428	455	379
429	445	375
427	454	382
425	445	375
403	448	384
426	445	367
427	448	374
417	442	367
424	433	372
413	447	369
424	443	365
412	443	363
409	437	365
414	439	369
411	433	374
419	436	359
415	433	364
411	438	361
414	435	361
403	437	357
413	427	369
396	436	362
407	429	362
412	425	359
391	431	353
408	428	363
402	430	358
408	418	356
404	422	352
401	419	351
390	418	354
397	424	352
398	414	351
394	425	349
399	415	347
398	427	348
398	419	351
393	421	346
396	418	344
395	423	346
389	422	339
400	422	347
390	416	341
395	407	345
387	415	345
391	413	343
388	411	337
390	409	342
382	417	337
393	403	348
389	411	338
396	402	333
384	411	340
381	413	332
388	405	337
387	415	335
391	411	342
381	407	328
386	402	326
377	415	333
383	401	328
381	401	338
378	413	344
390	401	335
393	406	342
388	406	337
386	406	346
388	412	334
382	407	343
383	407	326
389	411	341
383	409	328
381	405	338
378	414	328
381	408	336
385	407	338
387	411	327
387	406	344
386	412	338
391	402	337
389	418	340
394	407	334
379	407	338
385	408	333
383	407	342
381	408	332
389	404	342
384	410	335
384	406	340
378	409	338
390	408	344
383	413	343
385	405	334
390	411	337
391	407	342
391	414	344
396	414	344
395	419	347
386	415	346
390	411	343
390	411	337
397	411	348
392	411	344
398	404	344
385	410	344
396	404	345
387	415	337
396	411	332
383	419	346
385	422	339
393	408	351
388	417	340
396	417	351
388	419	342
399	415	355
390	422	340
404	416	337
395	415	344
374	419	343
394	417	346
393	416	344
397	418	347
388	423	341
394	416	349
393	421	340
398	416	350
395	416	353
389	425	352
403	413	353
396	427	350
401	421	349
392	427	352
402	417	350
393	423	346
389	416	352
397	416	357
398	419	352
407	420	357
401	416	343
410	418	348
396	424	347
388	419	343
399	425	353
396	429	349
409	422	359
405	432	362
408	424	358
403	430	365
409	427	341
406	430	356
409	433	351
406	433	359
396	433	353
406	419	359
397	429	359
406	422	357
400	425	352
403	420	350
408	423	371
410	428	359
419	431	360
406	440	357
417	429	368
410	439	358
416	434	366
408	434	371
412	427	361
415	431	367
405	436	361
412	423	363
401	433	360
408	425	363
410	433	363
410	428	364
422	430	366
411	440	370
415	433	358
412	442	364
410	438	364
413	437	371
412	438	364
420	430	370
414	442	367
418	439	374
413	442	369
417	430	367
419	437	368
412	441	362
417	430	367
412	439	377
425	444	365
426	436	375
411	447	366
422	436	378
418	451	365
423	438	364
417	443	365
414	439	368
418	442	378
422	444	372
430	442	371
421	451	370
423	442	377
419	442	376
423	443	376
427	449	378
422	455	370
424	441	378
421	450	375
426	448	380
420	444	372
427	443	370
420	446	373
418	441	373
421	441	378
417	441	375
426	439	380
419	450	369
423	441	372
422	448	372
420	447	374
424	449	376
430	459	378
430	453	382
435	457	371
440	458	390
426	453	381
436	446	383
434	462	385
434	450	384
435	454	383
432	453	386
432	454	381
429	460	379
433	455	382
430	462	376
438	450	382
434	457	383
437	462	390
444	458	391
431	467	387
440	459	390
437	465	389
441	456	394
440	460	396
442	458	389
444	462	389
434	467	383
440	461	393
435	459	388
435	459	397
436	471	396
443	457	396
437	464	395
445	470	389
440	457	399
439	462	391
445	463	387
440	470	393
437	460	388
437	463	399
441	464	391
449	461	399
441	469	389
444	462	393
438	466	391
445	461	400
454	471	400
440	471	395
446	463	398
430	467	394
455	461	403
438	475	396
444	462	400
443	473	400
451	460	402
446	473	403
449	474	398
450	474	404
439	475	394
449	461	402
442	472	397
449	469	403
443	467	390
446	471	388
440	470	391
444	469	405
452	476	407
451	473	406
448	475	395
454	476	408
446	475	402
447	467	401
443	474	401
456	465	408
447	468	395
449	463	399
443	472	398
447	474	392
454	473	404
446	477	397
454	470	404
445	474	399
446	466	405
451	473	401
448	472	397
457	470	401
443	479	396
454	467	403
449	476	400
453	466	400
443	467	408
452	466	406
448	472	406
443	470	393
451	472	406
446	468	400
448	461	404
442	471	394
448	464	395
438	474	395
438	461	399
443	467	401
445	459	391
446	465	400
445	474	388
451	463	397
445	471	392
450	463	385
440	459	395
440	464	386
449	459	398
440	465	385
445	457	388
440	461	383
442	455	391
431	461	391
437	453	392
432	461	386
437	456	385
433	457	393
439	459	380
431	458	382
430	460	381
433	445	383
429	455	373
435	449	384
429	450	373
419	443	369
425	440	379
415	442	382
425	441	371
421	445	379
421	442	373
422	445	378
424	444	370
423	437	375
414	441	366
416	434	374
416	438	369
417	437	347
412	433	366
402	432	358
410	427	364
401	428	353
410	422	362
398	419	360
403	426	346
402	424	355
397	425	348
401	421	360
398	424	352
401	414	351
395	418	358
396	417	350
397	421	350
399	421	337
402	421	350
393	425	341
396	410	348
389	422	347
392	407	339
385	406	335
384	405	331
384	415	335
378	408	334
385	401	344
376	400	331
386	404	340
379	408	333
390	396	334
379	408	333
386	401	329
381	409	328
380	406	331
378	397	330
379	405	328
380	394	330
376	399	331
372	403	327
376	386	334
370	407	328
380	397	336
372	406	327
384	395	333
375	397	323
381	397	323
379	397	326
373	391	330
378	400	334
374	401	329
374	391	328
366	397	321
371	392	325
370	398	327
377	397	329
382	399	329
375	395	331
371	401	326
380	397	328
371	390	333
372	392	325
382	399	337
378	400	329
383	398	327
377	399	328
377	400	331
383	396	330
375	400	327
381	402	333
385	409	337
381	407	330
378	404	334
382	399	336
379	404	325
383	402	329
384	407	329
382	405	332
375	405	330
377	391	330
375	402	332
384	400	330
373	401	338
382	405	325
384	405	338
374	405	325
371	400	333
376	398	332
379	403	341
373	397	332
390	396	336
375	408	326
391	404	334
378	404	327
381	404	330
377	408	334
377	400	336
383	398	340
375	402	330
382	400	336
373	411	330
379	405	339
379	406	335
380	416	330
385	409	345
381	411	340
388	409	338
390	410	336
386	404	334
386	400	345
385	409	338
390	403	340
384	416	332
395	406	336
383	417	335
384	407	334
381	406	336
381	403	343
391	411	340
389	415	339
393	407	343
400	420	352
400	423	339
395	417	343
388	423	339
397	419	348
390	421	347
392	409	348
391	418	345
391	408	342
390	418	348
384	412	341
392	416	343
384	412	346
400	421	349
388	421	344
399	413	353
394	424	351
404	416	351
394	426	354
403	424	351
403	426	351
402	419	355
397	419	351
401	427	352
403	418	359
394	424	354
401	418	357
405	417	360
402	428	353
396	421	360
403	424	348
398	424	357
397	428	351
407	421	358
398	428	350
412	424	337
406	432	354
408	420	352
401	423	355
405	427	355
409	426	355
403	431	351
413	425	354
407	430	356
408	425	360
404	423	365
402	431	354
412	430	370
412	429	358
413	426	364
406	435	362
416	429	354
412	431	360
406	439	359
417	430	362
409	440	359
416	430	356
410	432	365
411	435	361
412	429	373
411	440	359
412	439	373
423	440	369
421	446	358
419	445	374
409	440	367
421	440	378
416	442	366
421	438	375
414	441	365
414	438	369
413	439	369
416	441	366
424	437	369
415	441	363
418	438	364
415	442	368
427	440	374
418	447	382
423	443	376
429	448	379
426	454	383
429	444	378
417	454	374
433	449	380
422	452	379
425	445	385
423	452	386
430	448	379
434	450	383
424	453	379
425	448	384
423	455	373
429	462	379
434	450	384
434	462	377
435	454	387
428	459	383
437	455	392
426	459	388
432	450	388
433	454	386
433	462	379
441	456	392
437	460	387
437	457	389
429	460	388
436	458	390
439	462	393
443	454	392
434	460	386
434	443	390
435	462	388
434	459	401
429	455	386
439	453	395
438	464	389
443	456	397
441	460	388
443	455	394
434	461	397
446	453	393
441	465	394
433	461	390
440	455	395
440	472	387
443	459	397
438	465	386
440	462	391
439	471	391
445	460	393
442	461	395
442	463	386
442	458	393
438	467	395
447	453	394
435	465	385
440	455	390
439	463	386
435	460	393
443	452	397
435	467	402
447	466	400
443	466	394
447	463	403
446	469	403
443	462	394
448	467	401
441	467	385
444	448	396
434	465	387
445	462	394
436	461	392
445	461	389
443	467	393
440	465	384
439	453	395
435	471	399
445	465	401
439	469	395
447	459	400
445	471	399
441	463	393
446	463	396
444	471	396
447	459	394
433	475	394
447	467	400
442	472	400
446	467	400
447	469	393
441	475	390
443	472	395
438	475	392
450	462	401
448	470	397
450	469	394
442	469	396
437	465	390
439	466	397
443	464	390
453	466	402
443	471	398
443	461	394
437	469	397
432	465	394
443	464	398
441	465	391
450	458	396
447	475	388
453	466	399
452	476	396
448	464	394
439	473	397
450	468	397
444	471	403
443	459	399
451	467	398
444	465	395
446	467	393
447	473	385
447	463	392
435	473	390
443	459	389
435	469	385
438	462	389
437	462	395
432	465	386
439	462	393
435	467	389
440	457	394
431	459	398
444	459	389
436	454	388
436	456	385
441	449	389
432	454	386
440	452	391
438	454	386
436	457	381
436	454	386
426	447	383
422	440	374
420	444	377
421	442	372
428	439	374
413	447	371
427	439	380
419	450	370
424	443	372
423	447	374
420	450	364
419	446	374
410	441	365
421	434	368
415	440	361
418	437	363
401	432	354
403	429	354
402	435	360
401	421	350
400	422	361
406	418	352
404	416	362
403	423	351
403	424	345
401	429	351
403	420	340
396	419	343
390	423	339
394	418	352
389	419	342
401	412	348
388	412	346
389	411	339
395	411	346
386	411	336
394	412	339
391	412	339
390	410	330
384	410	340
388	410	333
390	403	343
383	408	339
382	402	336
377	405	338
388	404	335
381	406	332
376	398	329
376	399	332
375	408	338
383	401	337
387	407	338
388	403	335
381	407	341
387	404	329
389	406	336
380	411	330
383	403	336
370	409	331
377	392	332
375	406	331
383	395	334
376	398	329
376	393	326
375	405	327
373	396	328
379	401	329
377	399	327
378	396	337
378	400	329
385	397	340
377	403	331
386	394	335
376	399	327
379	397	328
373	399	325
368	392	323
373	391	333
368	400	331
376	395	335
378	408	328
384	404	335
384	410	325
387	404	333
372	403	335
388	401	338
382	405	327
381	406	337
379	407	335
385	396	339
383	401	338
382	401	330
389	407	336
388	410	325
382	408	333
379	409	331
386	417	333
395	404	338
386	416	331
396	406	345
383	417	337
389	408	346
380	408	343
394	409	342
382	415	335
395	406	338
386	410	340
383	412	335
389	412	341
382	419	339
394	410	344
384	412	346
398	415	342
396	410	350
394	424	345
396	417	345
393	420	349
394	414	350
394	421	347
401	410	348
395	415	345
390	417	341
394	409	350
395	420	349
404	410	357
398	418	352
401	416	352
395	424	353
404	425	353
410	428	362
400	422	348
409	409	358
400	427	356
402	415	359
397	425	352
404	420	355
403	422	360
410	431	355
410	432	357
399	429	352
405	424	356
401	430	357
408	418	361
405	425	354
417	438	356
415	424	363
405	436	358
412	434	366
408	433	367
415	436	365
419	439	368
410	436	356
415	428	362
406	435	361
414	431	364
408	433	352
415	435	368
408	434	369
409	431	359
414	429	365
403	440	369
420	435	371
412	440	369
416	436	368
419	443	376
408	437	362
414	430	367
413	439	363
419	436	366
409	441	376
420	436	366
414	443	369
413	445	363
420	437	366
416	438	361
416	428	363
415	431	372
414	438	370
412	432	375
411	438	366
423	435	376
413	444	368
423	441	372
413	445	370
421	441	371
413	439	376
420	435	364
408	431	372
415	433	365
421	431	371
413	443	367
419	440	369
422	443	370
423	440	380
416	442	376
420	434	374
423	442	371
422	453	376
424	449	376
419	451	373
421	443	378
411	445	374
416	439	375
419	442	368
418	444	369
416	437	381
420	441	374
427	442	381
414	442	374
421	454	383
427	446	379
424	446	369
432	452	376
422	453	374
427	443	374
415	452	373
424	444	383
416	449	381
427	447	377
424	449	385
426	452	374
426	443	386
423	454	375
425	441	373
426	447	386
433	460	378
430	453	385
432	460	383
430	446	391
424	454	383
433	449	386
438	453	387
431	456	381
435	457	387
429	461	375
440	449	381
429	462	381
433	432	384
436	456	388
437	459	380
433	457	392
431	456	389
432	450	393
435	460	380
439	457	393
434	450	385
438	456	393
436	462	384
429	456	389
433	455	393
428	455	383
441	457	397
437	460	391
447	451	393
435	467	384
440	456	392
433	460	401
441	465	391
442	461	391
435	468	391
440	460	396
440	467	396
450	457	397
436	461	398
442	461	396
444	460	398
444	457	388
444	460	397
433	471	391
446	460	400
437	468	391
445	468	387
442	475	405
449	475	395
450	465	397
442	474	393
451	466	407
441	468	402
449	470	404
453	471	408
447	470	398
451	467	403
432	476	401
454	461	407
446	466	394
447	465	399
442	466	396
446	465	394
449	468	399
449	470	398
440	470	397
442	471	399
449	462	405
441	466	391
458	467	405
444	472	396
448	466	404
444	476	392
439	465	389
443	459	397
438	465	390
448	463	399
442	473	391
448	468	396
451	475	393
449	471	397
446	478	390
452	472	406
439	467	400
451	472	409
443	472	402
454	470	404
453	476	404
450	479	395
444	471	396
443	476	395
449	469	402
441	470	397
444	466	401
440	469	395
454	473	402
456	470	402
440	477	398
450	470	407
445	469	395
452	468	407
448	472	408
452	464	407
450	467	402
449	472	394
450	465	400
448	472	399
454	470	401
445	471	399
447	467	396
443	475	401
444	472	392
443	463	391
443	469	396
438	464	395
447	463	397
442	468	396
448	466	404
441	472	393
446	466	394
436	466	392
445	466	399
440	470	399
444	458	391
446	467	392
434	468	384
442	437	391
435	464	386
443	453	389
433	458	382
441	456	392
430	459	382
439	454	390
431	458	380
435	453	392
436	459	394
425	456	382
429	452	387
421	455	382
427	444	381
421	448	375
424	446	369
421	444	377
422	447	368
423	440	380
414	441	375
429	440	380
420	443	368
422	435	368
420	443	370
425	441	376
423	445	371
418	445	364
422	442	370
412	440	355
419	432	369
411	436	371
414	435	359
413	437	367
409	433	354
407	428	366
397	427	357
413	424	364
408	433	355
395	425	356
397	419	357
395	422	351
397	420	356
396	423	347
409	421	355
392	425	344
397	417	348
392	423	353
400	415	347
392	423	348
399	413	349
393	421	352
401	414	346
398	418	346
390	423	339
397	417	350
386	414	342
393	409	351
388	411	338
391	408	338
387	415	336
392	406	340
388	412	334
394	412	331
395	411	340
382	409	336
386	406	344
389	412	337
389	407	343
378	412	339
391	406	344
381	412	337
379	402	326
379	389	335
380	404	335
377	399	331
377	402	335
386	395	337
377	404	328
386	401	334
384	411	329
384	399	341
375	400	341
379	403	328
391	402	333
380	413	330
383	407	338
376	402	336
384	399	334
378	405	330
376	398	328
380	398	344
379	406	334
393	396	333
376	404	327
381	405	334
375	411	332
363	405	333
386	399	334
383	408	338
392	405	335
379	409	340
391	407	344
393	408	338
385	414	341
390	410	342
392	415	333
393	401	338
381	416	334
388	401	338
383	414	332
393	411	338
388	412	331
386	412	329
387	417	351
390	419	337
401	410	348
388	419	336
395	418	346
390	417	343
392	411	351
389	416	353
391	409	352
396	417	353
395	411	340
396	410	351
390	419	339
393	413	347
393	420	342
397	412	348
389	424	343
398	412	349
393	422	356
401	422	356
402	420	351
395	424	346
404	422	358
391	420	344
400	413	354
393	425	349
402	419	358
399	420	349
399	420	349
395	424	347
396	422	349
402	420	360
397	423	361
411	428	359
408	432	356
402	434	365
404	427	361
402	430	353
406	429	362
401	433	358
410	425	366
408	429	368
410	430	357
409	425	363
405	432	356
406	430	356
406	436	351
414	427	357
411	433	361
406	433	358
404	403	366
410	432	364
412	432	372
409	430	360
419	429	372
409	433	361
413	431	366
409	438	362
412	431	364
415	437	368
412	438	363
421	432	372
408	438	365
416	428	364
416	429	368
413	443	358
422	433	371
412	437	365
420	433	376
412	444	369
424	436	362
415	429	363
412	431	364
414	433	373
412	441	361
418	432	375
407	435	368
418	431	367
413	441	371
418	437	367
416	434	375
417	448	370
420	436	377
411	440	367
421	440	367
417	442	373
414	439	374
412	436	376
416	450	364
418	437	370
417	442	370
415	437	370
425	442	377
415	439	368
424	438	368
417	441	367
425	437	370
429	443	372
418	447	372
427	440	376
420	448	371
423	443	359
416	447	374
413	441	370
417	440	385
415	446	377
425	437	381
415	443	373
427	443	382
424	450	376
428	442	374
426	440	378
428	443	384
420	448	383
432	444	381
424	452	385
429	455	384
432	455	388
424	455	381
435	440	381
422	452	385
427	447	380
436	453	380
429	448	373
436	449	388
423	452	374
428	448	380
424	452	372
422	455	383
429	449	385
435	451	386
434	459	388
438	464	386
438	461	376
439	456	386
432	461	377
437	453	390
427	455	377
433	451	384
430	455	381
423	443	383
432	457	385
424	459	382
429	452	392
432	459	389
442	455	390
445	466	395
436	460	385
438	460	394
436	467	392
440	456	397
432	464	394
438	458	397
442	461	392
435	464	385
442	456	387
429	464	383
438	459	393
430	463	391
438	457	378
433	456	390
433	457	388
440	458	397
430	456	388
440	454	399
440	465	395
446	456	395
440	465	386
445	458	393
441	470	390
442	456	382
433	459	393
435	459	386
443	456	391
435	466	392
443	460	399
436	461	387
442	457	394
438	461	393
437	462	392
439	463	394
442	464	385
440	442	393
436	463	389
436	458	397
433	462	393
438	463	383
437	465	389
437	463	387
440	463	394
432	467	383
444	462	395
435	457	391
436	466	390
444	468	399
441	462	389
443	459	399
439	466	390
443	464	393
426	471	397
447	459	395
448	464	399
445	462	388
448	467	401
439	464	394
444	462	399
440	467	395
446	457	396
445	463	400
440	465	393
454	463	395
439	475	395
442	466	404
438	467	401
447	463	400
450	466	406
446	468	394
445	466	399
437	468	392
449	457	400
436	464	406
449	460	398
446	464	403
442	465	391
440	460	395
432	466	395
441	467	397
441	466	400
448	465	407
446	459	387
452	464	395
445	472	396
445	467	394
440	472	396
440	464	392
448	461	400
444	458	393
445	462	398
441	469	392
444	459	394
445	461	400
437	465	390
450	466	392
441	466	389
441	468	390
441	455	394
433	467	392
449	464	392
432	466	384
438	463	388
439	449	390
440	462	384
443	457	390
438	467	389
442	460	393
432	460	381
438	460	383
436	447	386
436	458	384
440	452	385
433	462	386
440	452	378
433	458	379
424	448	380
433	448	384
428	453	379
431	444	383
427	454	378
436	445	371
425	449	386
426	446	375
436	442	377
426	448	368
429	448	370
415	444	364
418	437	369
411	443	366
417	440	372
419	447	373
421	444	362
422	440	369
412	444	362
411	433	363
407	442	363
416	429	354
409	439	358
407	426	361
408	427	364
406	435	352
408	430	360
405	433	354
408	427	363
402	430	358
411	428	358
403	432	357
407	422	357
404	421	352
398	421	345
405	425	359
394	425	350
405	412	352
398	424	359
399	426	352
400	417	349
395	419	345
399	417	350
392	421	346
390	409	347
390	416	344
388	408	338
393	414	347
389	409	338
392	411	346
383	416	335
390	411	346
387	413	342
393	410	343
388	411	346
394	411	345
392	410	345
396	414	337
394	417	350
377	417	337
389	402	341
385	414	343
394	402	344
385	413	341
391	405	333
389	412	343
387	402	334
389	401	342
383	413	330
392	406	345
383	410	336
390	408	332
379	415	336
394	406	344
385	415	339
385	404	342
386	400	340
382	408	334
393	409	347
382	408	344
391	404	342
381	414	339
393	405	342
384	410	343
394	403	338
386	411	343
389	404	343
395	411	342
387	413	330
392	405	337
388	409	339
384	412	333
386	411	348
387	412	339
389	404	345
385	419	341
395	403	344
390	421	340
371	409	332
382	416	336
384	414	341
386	413	344
391	418	335
397	409	342
387	415	335
395	410	340
398	420	349
394	418	336
396	415	346
385	421	341
397	412	349
391	419	343
391	410	347
392	418	340
396	415	343
390	412	347
393	410	348
394	413	353
390	411	347
401	408	347
391	421	339
400	416	349
398	419	344
405	415	347
391	427	350
397	415	350
403	423	360
402	417	356
402	419	351
405	428	350
403	419	353
393	423	347
402	418	353
396	421	358
401	416	351
400	416	357
398	419	337
400	424	348
401	420	355
398	418	346
404	422	356
402	428	355
406	422	362
394	425	351
407	418	358
401	429	350
411	423	349
398	427	355
406	421	353
407	428	354
402	431	351
405	424	357
395	432	349
412	427	358
406	423	359
401	426	355
408	425	361
400	433	358
414	427	367
403	437	365
411	432	359
406	435	360
408	422	358
405	427	359
404	429	356
415	427	360
408	437	363
417	430	370
412	440	367
413	431	368
412	440	365
420	437	365
425	440	365
422	444	363
418	437	370
408	444	362
416	430	367
405	443	362
411	436	364
410	440	367
415	432	364
417	427	370
411	442	366
422	437	365
415	439	362
419	439	375
425	440	374
421	437	366
423	448	372
413	444	364
418	437	370
411	447	369
420	437	371
416	447	375
419	439	375
418	441	368
413	447	361
420	433	371
410	443	364
421	438	372
419	446	370
419	443	371
424	439	382
420	445	372
426	442	377
423	446	372
430	437	377
423	445	377
425	448	369
425	448	375
418	450	372
429	442	372
421	445	374
426	440	369
423	444	374
425	449	367
426	441	377
422	450	374
430	440	372
421	446	370
425	446	373
421	441	369
415	448	375
423	448	373
426	452	370
430	443	381
426	451	376
427	446	378
422	452	382
425	441	371
425	452	378
416	449	376
430	444	377
420	451	374
430	443	378
429	452	379
429	446	373
424	450	374
421	447	375
430	450	383
419	450	379
426	444	386
420	453	380
427	444	376
420	450	382
418	446	375
422	444	385
425	445	378
427	451	385
423	451	384
431	455	376
432	455	389
430	457	381
434	453	383
433	458	385
433	451	381
431	459	388
437	453	383
427	456	384
426	448	379
433	451	385
434	457	385
441	458	390
431	455	380
434	455	378
439	465	394
435	469	393
441	457	392
437	465	383
441	456	390
433	465	386
437	460	394
439	466	389
439	459	391
434	458	396
441	459	392
439	460	394
435	464	389
444	447	399
431	464	389
443	457	398
436	464	389
435	463	392
440	460	388
437	467	391
445	459	401
436	465	391
446	458	397
435	473	392
446	460	398
441	464	392
436	462	394
440	459	399
439	458	392
450	454	398
435	466	390
443	460	391
449	472	382
445	465	393
438	465	390
447	460	399
440	467	390
444	466	398
441	466	395
447	462	395
445	467	401
439	466	394
442	462	390
433	473	389
445	458	398
437	466	394
445	459	401
430	463	392
437	466	393
440	469	396
443	464	400
440	470	394
444	464	398
435	470	397
449	462	401
444	465	403
441	462	395
449	468	397
441	465	388
444	461	399
443	463	390
443	457	389
440	465	388
441	460	391
434	462	395
444	461	389
440	463	387
438	464	393
438	460	390
438	459	396
445	458	400
436	459	393
444	466	400
439	469	389
445	460	400
438	470	401
445	462	400
444	467	393
442	471	387
450	460	393
446	466	390
447	462	398
440	467	385
451	471	397
436	470	390
444	457	396
440	471	388
438	457	394
446	464	396
443	467	395
446	459	390
445	465	385
444	459	394
439	466	386
446	458	392
439	463	380
435	465	385
441	452	385
429	464	380
435	454	394
429	460	381
436	455	392
432	459	385
430	466	372
432	458	382
426	461	376
434	449	380
423	451	381
427	453	384
430	453	384
426	451	369
429	446	378
429	453	377
431	438	377
427	447	369
423	441	369
419	441	380
421	437	371
421	439	373
415	447	367
424	439	369
420	445	363
425	437	365
415	440	371
421	436	373
419	438	374
413	440	358
416	428	366
408	434	359
406	428	367
402	434	359
412	430	364
404	433	355
412	429	353
405	428	358
396	425	356
403	421	355
401	424	349
399	420	359
403	398	344
400	419	349
394	425	345
397	422	345
395	422	346
398	427	349
400	422	356
400	421	341
403	416	350
394	420	347
397	414	353
385	419	342
396	415	352
394	416	354
398	412	349
393	411	347
386	412	337
389	393	347
384	413	335
392	405	345
389	416	335
389	419	337
388	408	347
385	413	337
388	406	345
387	411	332
385	411	342
386	411	344
392	407	339
393	416	336
379	413	331
394	408	341
385	413	336
389	404	332
386	408	338
390	408	342
388	407	334
389	391	334
385	400	333
382	405	334
381	403	333
384	406	344
384	409	337
386	409	346
376	409	334
391	406	337
378	405	332
387	404	344
383	405	334
383	405	341
383	408	334
386	401	330
390	404	343
388	415	330
388	407	348
393	413	333
386	412	341
386	414	332
396	405	339
379	413	352
388	409	339
388	414	342
393	411	348
394	414	349
387	414	342
394	406	344
380	410	337
393	407	340
385	414	338
399	421	343
396	407	354
398	416	349
396	415	346
397	415	350
396	415	348
401	419	351
392	428	350
402	419	354
393	418	340
394	420	356
387	417	347
393	412	349
390	416	356
394	423	350
394	419	350
406	418	352
404	424	359
399	424	353
403	421	361
397	430	349
404	420	345
398	429	351
395	416	355
395	420	351
399	420	357
405	415	359
403	421	350
406	415	357
397	425	349
404	423	357
402	428	363
405	431	345
404	432	363
402	429	353
411	430	365
406	431	348
414	425	358
402	431	354
408	422	364
400	430	358
402	419	360
406	426	355
405	429	356
396	432	349
409	417	358
399	435	355
404	424	361
405	437	359
412	429	365
398	428	360
411	429	362
405	432	360
403	423	356
403	433	360
405	427	351
407	425	364
404	433	362
412	431	366
406	431	355
411	424	357
401	429	356
399	426	353
406	426	366
410	432	370
408	432	358
416	431	363
405	433	355
412	427	370
403	436	358
410	428	360
406	437	355
409	429	358
402	431	359
402	429	355
407	428	369
406	417	358
409	430	367
404	431	352
411	425	348
411	438	368
409	441	362
416	436	372
408	433	359
414	429	363
411	436	366
417	432	361
416	433	364
411	436	358
411	431	362
402	436	358
418	430	361
407	438	361
417	430	360
408	433	355
417	428	352
409	433	370
405	435	361
414	430	365
412	437	365
412	433	366
405	440	365
417	431	371
416	440	369
415	436	364
415	426	372
388	440	370
420	435	373
414	444	371
421	431	369
416	440	376
417	439	354
422	434	368
419	448	371
420	435	364
418	448	367
416	444	369
419	439	377
410	439	370
423	438	373
415	445	365
420	442	371
421	446	374
428	442	370
428	443	376
429	445	365
424	435	373
416	441	378
423	440	375
423	445	377
421	448	374
432	443	383
422	456	380
432	445	370
425	446	373
421	443	372
421	438	375
420	440	378
435	440	381
423	451	378
430	442	382
421	450	380
429	449	380
431	452	386
430	455	372
436	452	388
420	453	376
434	446	389
428	454	373
436	446	387
426	455	376
433	445	378
426	452	376
431	447	373
427	455	379
428	455	379
433	450	386
429	458	380
433	448	382
428	459	378
432	446	388
437	460	393
431	458	388
430	458	395
433	450	383
444	453	392
431	457	382
441	454	393
425	458	383
438	455	392
431	461	385
437	452	385
430	454	387
437	457	391
438	460	395
440	458	385
439	455	391
440	452	388
434	459	388
438	454	392
430	463	387
444	459	393
436	461	387
445	455	395
440	467	394
449	459	389
435	458	386
435	464	384
434	454	393
441	464	385
443	458	391
437	463	390
448	468	388
445	458	396
443	466	389
444	462	394
441	469	395
442	465	404
437	467	392
439	468	387
443	459	401
441	463	393
449	459	395
442	475	394
450	467	400
441	472	393
441	462	395
437	462	399
445	467	403
450	475	404
447	471	403
443	470	409
451	466	399
456	473	405
449	474	391
450	471	409
445	471	397
449	463	398
445	467	407
453	468	408
454	468	409
447	467	397
450	468	402
447	470	395
451	481	397
453	468	404
450	478	401
454	471	405
451	478	407
449	475	406
445	473	404
454	473	408
447	476	408
452	472	404
451	476	402
457	480	394
459	478	406
443	477	404
449	471	412
450	478	408
450	478	399
455	475	408
446	476	402
463	476	413
456	482	405
455	469	395
450	482	402
448	475	400
449	475	409
423	471	406
451	466	405
448	476	402
451	471	410
446	473	401
453	472	405
449	473	407
458	480	400
454	470	405
456	475	405
452	474	402
457	470	395
456	476	406
444	473	392
447	469	402
444	472	397
450	467	403
438	468	405
444	461	396
448	467	397
434	465	396
440	460	396
439	463	390
435	461	393
435	470	392
443	457	397
436	471	389
442	457	383
436	458	389
431	458	389
439	454	387
430	451	383
437	455	387
436	460	379
442	453	387
426	453	383
433	451	387
427	454	379
430	447	379
421	442	385
424	450	368
431	448	376
425	454	370
423	445	373
417	450	371
425	441	376
417	445	372
418	443	369
425	439	377
416	452	366
414	436	362
415	439	368
415	438	367
413	437	365
411	438	364
417	438	358
416	434	361
408	434	351
414	433	367
400	435	355
413	425	367
401	426	356
407	425	362
407	429	354
406	424	347
403	427	349
397	418	352
400	424	354
403	420	351
403	422	355
401	416	352
395	415	347
391	425	347
396	417	355
398	418	347
397	415	343
398	425	354
397	411	345
395	421	350
390	415	336
391	405	345
388	421	344
393	411	351
392	412	353
396	404	343
391	413	346
394	412	341
394	406	335
386	405	339
382	405	340
386	407	345
385	406	340
394	405	337
387	416	333
391	408	342
382	413	331
383	404	345
378	407	331
388	407	345
387	406	338
388	406	336
387	408	342
386	415	336
389	404	346
385	414	338
389	403	340
384	415	340
393	408	332
380	411	339
383	404	333
382	407	340
376	413	330
386	400	336
382	408	329
385	406	338
380	417	334
377	411	333
379	406	338
380	404	339
387	410	346
386	417	344
394	408	339
386	414	341
389	407	344
387	414	339
386	413	344
394	411	341
391	414	333
392	402	342
382	415	337
388	407	343
387	412	343
392	409	339
393	415	348
391	417	335
384	416	346
385	410	344
392	405	338
391	416	334
401	413	348
385	412	344
391	407	348
387	416	341
392	409	344
395	411	341
386	405	340
392	404	351
387	411	337
397	409	349
389	415	343
393	411	340
394	413	354
391	424	343
401	411	346
386	424	347
399	415	344
390	426	345
398	414	341
390	419	343
379	420	344
396	418	356
394	417	349
397	412	353
390	419	342
398	416	348
390	421	343
398	415	340
402	418	358
401	430	350
398	426	356
399	426	361
399	421	359
401	426	363
408	417	356
401	425	353
409	427	350
410	426	357
397	428	347
408	424	352
398	427	348
409	420	357
398	428	351
404	419	345
401	427	357
403	423	361
409	427	362
404	423	351
407	424	361
405	434	359
405	420	360
402	428	355
414	425	356
405	427	369
410	428	362
411	427	367
406	427	358
411	426	360
406	431	354
414	425	355
413	432	359
406	435	360
404	429	354
406	431	365
402	425	361
406	428	368
412	428	366
420	425	366
406	438	358
419	436	361
412	435	361
418	431	368
411	437	366
405	439	357
419	429	361
408	437	361
418	437	359
411	434	358
409	433	364
412	434	376
415	431	365
423	427	369
409	442	365
422	437	359
416	435	360
409	436	359
413	430	372
410	434	364
421	428	370
411	436	367
412	431	366
408	435	370
415	439	374
421	435	371
419	436	371
417	442	368
414	442	363
418	446	372
409	444	368
421	433	374
412	441	370
414	437	371
410	439	368
419	443	364
421	445	372
412	442	360
418	438	373
419	441	368
420	439	371
417	444	369
423	442	368
415	445	370
409	443	374
420	437	380
417	436	374
429	440	378
415	446	373
426	440	375
415	445	378
420	442	367
422	444	370
414	443	364
419	442	367
409	448	362
425	447	373
422	437	372
414	451	371
422	437	377
419	450	378
428	442	384
420	452	376
419	444	376
426	444	383
423	442	377
430	436	383
424	448	377
429	444	381
418	448	377
425	443	380
421	448	379
429	440	371
423	452	375
422	439	376
423	444	375
426	449	389
428	448	381
433	444	383
425	455	373
432	446	379
427	453	376
435	450	378
422	456	385
417	449	374
429	442	379
422	455	374
428	451	382
423	455	378
434	446	385
426	460	387
434	446	386
428	452	382
434	465	386
430	465	381
430	454	393
440	456	389
439	459	386
429	457	378
431	451	386
426	451	381
433	453	392
431	460	393
438	450	392
432	461	385
435	460	390
432	460	388
441	455	388
430	461	392
430	456	389
431	453	400
434	457	392
445	451	392
431	460	383
443	461	383
434	460	384
432	464	379
441	460	395
432	455	383
438	458	389
437	465	391
441	469	388
446	464	399
430	465	389
444	459	401
439	462	391
443	462	400
438	467	395
441	460	390
442	465	383
442	464	387
443	465	397
441	463	391
443	457	389
435	469	385
439	457	390
438	465	393
439	468	393
447	467	397
437	463	394
446	461	393
445	473	399
445	459	398
440	471	399
443	459	393
446	468	396
442	467	390
444	468	398
438	465	394
437	458	399
431	463	394
440	460	396
442	453	393
436	465	392
440	458	396
434	459	396
440	456	400
437	456	386
445	461	395
441	465	396
442	458	396
437	462	398
446	455	390
442	458	394
436	457	387
445	458	391
438	465	389
442	455	395
445	469	389
441	459	401
434	465	385
448	458	389
439	464	401
442	459	390
442	469	392
439	468	382
441	466	394
436	468	382
407	460	399
431	461	392
435	452	391
432	456	384
437	457	389
433	461	388
429	457	392
439	454	391
442	461	390
436	464	387
434	455	387
434	462	383
442	456	393
431	455	380
437	449	388
435	455	385
434	455	380
441	458	388
438	457	380
435	451	382
425	459	376
432	448	379
427	446	382
419	445	381
431	445	375
428	456	377
429	441	376
420	449	368
425	441	376
417	449	371
428	443	377
416	447	378
423	450	375
424	450	374
409	444	368
423	439	369
411	445	359
420	439	371
405	441	359
417	432	362
407	440	361
408	431	363
406	416	359
406	432	360
414	426	364
410	438	358
415	426	359
404	432	357
401	426	359
403	417	365
400	425	357
413	424	357
402	425	357
410	418	359
396	417	353
395	425	345
402	413	353
394	423	350
394	413	343
395	419	345
388	415	339
398	421	348
390	411	341
391	411	346
390	413	342
396	413	325
387	416	343
387	407	340
385	407	341
383	411	340
386	409	345
383	410	336
388	404	342
384	412	348
389	406	338
394	415	345
392	410	344
397	417	345
388	412	338
392	414	344
381	410	338
388	402	342
378	409	337
392	408	334
383	408	330
382	408	331
386	406	335
374	407	332
386	406	332
378	408	334
385	399	342
380	403	331
389	401	342
377	407	336
393	408	339
377	415	332
389	402	342
377	403	337
386	403	330
378	402	331
382	406	330
380	395	329
389	409	341
381	412	331
385	402	336
379	413	339
386	405	338
386	406	341
384	416	331
390	402	339
378	410	336
392	400	343
386	407	342
382	403	341
391	408	335
383	405	337
387	406	334
382	413	328
