355	384	306
360	377	316
353	380	307
355	376	317
355	372	305
361	374	315
351	374	300
357	372	309
353	382	308
329	371	309
346	376	304
354	371	302
346	373	299
346	363	294
347	375	302
343	364	296
334	362	296
338	360	286
343	360	297
337	367	287
342	358	293
332	358	287
339	360	287
332	360	281
337	352	294
337	354	283
335	351	289
334	362	283
339	356	284
327	354	286
331	353	288
336	357	292
360	379	313
353	390	319
369	388	327
368	396	330
384	401	338
387	411	339
397	413	343
400	424	355
401	427	360
408	432	377
414	441	375
430	448	397
436	464	399
457	472	418
461	495	419
477	495	441
563	589	516
578	598	543
588	618	544
610	623	561
613	641	570
630	651	591
637	672	602
658	672	615
658	693	627
676	704	645
688	722	652
709	732	674
720	746	685
736	760	697
752	763	707
759	785	712
795	789	791
798	798	792
797	800	794
797	800	795
796	796	796
800	798	790
796	798	797
792	796	791
796	796	793
789	797	793
796	795	800
796	794	791
797	797	794
793	799	793
796	798	793
794	794	791
795	795	795
794	799	789
792	797	791
796	798	792
797	800	792
789	796	793
796	796	791
799	795	798
791	798	793
797	795	793
791	796	789
797	795	794
796	797	791
797	796	794
797	798	789
795	793	791
795	798	791
800	796	791
797	802	798
800	799	794
799	797	791
798	801	794
796	794	793
800	797	794
798	798	792
794	801	796
795	793	797
794	796	791
800	798	789
794	799	795
796	796	791
798	798	794
793	797	795
795	799	793
793	790	793
794	798	787
796	796	791
795	795	789
794	797	792
796	796	788
794	798	793
799	795	790
792	801	797
799	798	793
797	799	797
796	795	795
796	796	792
801	799	791
794	799	791
797	796	791
798	803	790
799	799	796
794	801	794
795	800	795
796	796	787
798	795	796
793	800	793
792	795	794
794	795	788
793	794	795
792	796	792
795	796	793
789	798	793
799	798	791
798	799	792
796	792	795
791	798	792
797	795	794
801	792	787
795	802	791
794	793	793
795	802	788
795	794	798
792	799	790
797	793	791
797	797	790
798	794	798
792	800	794
801	793	796
793	799	792
798	798	796
797	797	791
797	794	798
792	801	788
797	797	796
790	800	789
795	800	794
793	801	792
795	800	796
800	797	789
797	800	794
794	801	792
797	795	794
794	797	787
797	796	793
796	795	789
791	791	792
795	800	796
799	795	795
796	795	797
796	800	792
796	795	791
793	793	790
800	796	790
798	795	790
798	794	787
794	798	791
797	795	797
795	800	791
797	795	795
795	797	791
797	793	791
797	795	790
798	795	795
790	797	790
838	794	791
794	798	789
797	795	792
791	798	789
794	795	797
799	800	787
797	799	795
799	797	795
796	797	792
798	795	792
801	798	791
798	800	796
796	796	795
798	798	795
800	797	789
796	798	795
792	800	795
797	794	795
794	800	791
794	799	796
798	800	794
795	796	796
794	799	789
797	797	792
793	799	790
800	796	794
796	798	776
804	796	773
791	798	767
764	797	723
774	782	723
761	786	708
758	778	712
744	769	698
751	760	698
738	760	685
739	756	688
729	754	672
728	736	678
720	747	672
711	739	671
710	730	661
708	724	657
705	725	654
696	718	650
654	686	603
656	685	612
651	673	598
653	677	599
636	672	590
645	657	596
625	653	581
633	646	580
619	649	565
628	636	569
612	636	557
608	631	563
598	630	552
604	618	556
589	617	547
592	605	547
560	583	518
563	575	510
545	571	509
550	564	499
541	566	491
539	560	494
531	556	491
528	547	481
525	550	482
527	535	468
514	535	466
515	530	461
508	526	465
501	524	456
504	515	456
494	521	447
464	484	423
455	486	418
462	479	414
446	475	404
451	471	406
443	468	399
444	459	395
436	464	385
439	451	385
431	445	383
425	450	369
425	443	368
416	434	362
416	434	366
405	434	358
411	418	358
374	399	325
373	390	322
372	391	313
365	385	310
360	383	304
355	382	308
344	379	303
347	372	301
339	366	293
342	351	287
336	358	283
338	350	284
327	354	276
328	340	271
319	345	274
316	333	267
284	313	235
287	300	231
278	303	223
283	289	228
272	295	221
270	283	216
259	291	216
260	274	209
251	275	203
254	270	202
246	270	193
247	257	198
241	261	188
240	251	190
225	261	180
233	245	184
200	222	153
204	215	154
193	226	148
191	208	146
190	213	140
188	207	144
175	208	133
181	194	134
173	195	122
172	185	129
166	186	113
162	178	116
158	181	105
155	175	110
150	177	102
151	171	101
128	146	77
126	140	81
119	146	74
115	148	66
120	139	70
113	142	59
119	138	62
111	140	60
110	134	64
108	122	57
100	128	55
94	113	50
98	120	47
92	109	41
84	115	38
88	108	43
77	86	7
70	91	19
78	91	25
70	91	23
63	94	17
62	77	10
54	80	11
52	82	7
60	79	13
56	84	10
51	83	1
55	70	5
52	74	3
43	71	0
44	74	0
44	66	0
37	52	0
29	60	0
23	50	0
35	53	0
33	57	0
24	47	0
33	45	0
27	43	0
25	38	0
30	48	0
22	42	0
28	45	0
21	46	0
22	48	0
16	35	0
27	44	0
15	36	0
9	39	0
9	31	0
16	33	0
10	38	0
6	34	0
17	33	0
11	29	0
11	31	0
9	34	0
6	25	0
7	33	0
0	32	0
5	31	0
0	33	0
0	22	0
0	25	0
5	27	0
0	23	0
0	20	0
10	24	0
0	24	0
4	20	0
0	20	0
7	26	0
2	25	0
5	18	0
3	26	0
0	19	0
0	18	0
6	29	0
0	22	0
3	21	0
0	19	0
8	30	0
2	28	0
9	20	0
14	35	0
2	30	0
13	25	0
9	27	0
3	32	0
1	29	0
13	28	0
5	31	0
2	36	0
3	33	0
14	34	0
20	38	0
21	40	0
9	43	0
10	35	0
19	43	0
23	45	0
14	42	0
20	38	0
24	37	0
26	45	0
13	43	0
18	42	0
24	41	0
27	47	0
24	52	0
20	45	0
25	42	0
28	57	0
22	60	0
31	49	0
34	51	0
25	52	0
25	55	0
31	56	0
27	57	0
23	53	0
36	54	0
35	52	0
34	54	0
26	55	0
28	49	0
27	47	0
29	59	0
37	54	0
34	55	0
27	58	0
33	62	0
37	50	0
33	49	0
39	59	0
30	62	0
35	53	0
38	64	0
26	53	0
38	59	0
35	59	0
38	49	0
37	61	0
38	57	0
40	55	0
44	58	0
35	60	0
33	59	0
37	57	0
40	59	0
30	65	0
30	60	0
33	55	0
42	57	0
34	64	0
31	58	0
36	59	0
35	59	0
33	64	0
30	63	3
36	58	0
35	64	0
37	54	0
39	59	0
38	61	0
37	61	0
44	62	0
38	54	0
45	59	0
34	67	0
32	53	0
44	62	0
43	65	0
32	63	0
44	61	0
38	59	0
40	65	0
40	66	0
35	63	0
43	62	0
39	59	0
42	56	0
42	63	0
39	60	0
37	65	0
31	63	0
38	61	0
37	58	0
38	65	0
35	60	0
36	54	0
36	63	0
41	67	0
48	57	0
43	58	0
48	65	0
38	65	0
42	60	0
41	62	0
35	67	0
32	54	0
46	57	0
37	59	0
32	58	0
37	61	0
43	56	0
37	63	0
39	59	1
41	64	0
43	69	0
38	70	0
40	61	0
48	64	2
38	70	0
46	66	1
36	64	0
39	66	0
40	51	0
36	68	0
38	65	0
47	63	0
45	65	0
41	62	0
40	65	0
44	66	0
52	73	4
42	70	3
43	67	0
53	65	0
51	59	2
46	65	1
46	69	0
39	62	6
44	77	0
42	63	0
47	72	6
40	62	0
48	66	3
44	73	1
50	74	9
57	75	9
46	75	0
58	75	8
47	82	10
56	76	4
60	73	8
49	71	13
56	83	4
60	87	15
55	76	13
57	88	13
65	76	15
53	76	1
58	85	10
62	69	16
65	90	17
56	91	16
66	81	13
66	89	21
64	91	11
68	93	23
64	83	22
64	92	23
75	89	20
62	87	22
61	91	18
71	91	18
66	85	16
65	88	14
69	83	22
55	87	21
65	94	21
72	89	25
66	92	24
70	96	24
78	92	22
62	97	24
71	93	30
73	86	21
61	89	17
68	89	13
68	83	24
66	93	18
72	92	23
64	82	17
61	87	9
64	80	18
67	87	13
57	89	11
57	80	16
56	84	9
67	80	13
60	79	15
59	84	7
57	76	2
57	77	15
56	76	0
56	67	2
54	71	8
46	79	0
43	65	0
56	68	11
48	73	4
39	68	0
34	67	0
33	59	0
37	61	0
37	64	0
31	62	0
40	58	0
33	52	0
37	59	0
31	54	0
28	52	0
37	46	0
21	49	0
28	55	0
20	47	0
30	44	0
20	32	0
9	40	0
8	34	0
11	35	0
17	36	0
12	32	0
13	35	0
14	30	0
12	33	0
5	34	0
0	23	0
0	29	0
0	25	0
8	21	0
6	28	0
0	26	0
0	23	0
2	16	0
3	24	0
0	27	0
0	16	0
0	15	0
3	24	0
0	19	0
0	19	0
2	24	0
0	22	0
0	19	0
0	15	0
0	25	0
3	23	0
0	25	0
12	23	0
4	28	0
0	19	0
4	29	0
2	28	0
10	26	0
8	34	0
4	34	0
7	33	0
6	23	0
7	40	0
4	39	0
17	33	0
14	31	0
11	37	0
17	41	0
30	51	0
34	57	0
40	59	0
39	57	0
30	67	0
37	64	0
41	61	0
44	63	2
52	68	5
48	79	0
49	72	7
52	82	8
59	79	8
60	75	12
50	76	6
54	84	15
81	96	36
77	101	27
85	104	40
84	113	35
96	116	47
95	115	48
87	121	46
103	111	54
94	113	43
97	123	46
98	122	57
98	125	58
114	129	57
106	130	64
114	137	61
108	130	71
130	152	87
137	153	85
132	156	85
141	158	92
143	163	92
150	161	101
138	167	99
142	159	94
133	162	96
147	170	100
155	168	105
150	175	102
157	172	111
156	183	104
158	180	120
162	180	118
180	200	130
178	202	134
177	195	133
177	207	134
183	195	138
178	212	135
182	205	144
185	210	136
189	199	143
178	216	144
195	214	148
187	219	143
190	216	144
188	221	143
191	212	153
171	215	139
204	231	161
209	232	159
204	224	159
212	219	155
207	227	162
203	225	155
199	231	161
211	224	151
204	237	160
210	225	160
205	233	161
210	226	166
207	233	160
212	233	169
201	234	160
215	228	160
213	244	164
215	231	165
214	240	165
214	235	171
218	243	165
218	234	170
215	237	162
224	239	167
213	242	165
220	236	172
217	239	166
219	237	176
220	240	164
221	245	177
216	248	166
217	245	179
226	239	176
216	251	175
224	245	182
219	252	173
230	241	182
223	258	178
226	241	181
225	247	176
233	240	181
227	247	178
220	241	190
222	249	173
223	249	177
224	252	176
224	247	184
224	250	173
235	262	182
237	260	189
230	261	185
242	256	192
232	263	183
242	259	193
236	259	185
245	253	191
235	270	191
239	261	200
242	265	190
244	260	194
233	271	194
240	259	197
240	270	197
250	258	198
250	278	199
258	270	207
251	276	193
252	276	213
252	279	198
259	274	214
246	276	209
263	274	214
250	279	209
261	280	214
253	285	207
261	277	219
248	280	206
262	278	219
255	288	214
259	277	213
263	293	230
270	284	218
266	296	224
268	293	225
266	293	231
279	287	223
268	296	228
280	296	231
278	297	227
278	295	230
274	300	233
274	294	224
277	304	231
267	292	224
274	294	239
278	293	226
286	315	248
294	308	243
287	312	246
291	305	242
291	315	237
282	311	235
290	313	243
297	314	239
292	317	239
290	317	242
289	319	244
286	311	243
298	314	252
290	312	247
294	311	259
299	313	249
303	327	258
306	327	257
311	327	270
310	335	262
314	326	264
311	337	267
314	328	268
308	334	265
315	332	272
313	344	268
319	333	272
319	342	266
319	332	266
313	340	268
313	338	268
315	337	280
332	345	286
328	347	275
331	346	282
321	358	286
327	349	285
329	357	287
336	350	282
334	351	280
333	352	282
330	353	283
327	354	280
335	352	283
333	354	279
338	355	294
330	356	281
331	355	296
345	368	291
347	366	305
344	373	303
346	367	301
344	380	297
348	373	306
347	376	296
351	369	312
350	379	301
350	367	308
345	378	311
357	375	308
357	374	313
349	374	310
363	372	317
353	382	305
362	381	316
362	384	323
368	383	321
364	387	318
370	384	322
366	390	329
365	384	327
363	387	329
374	387	323
373	393	330
375	389	324
370	389	325
368	392	317
369	392	326
362	395	320
371	394	325
379	397	327
380	379	331
374	407	334
377	383	339
377	404	324
386	400	332
374	404	325
383	394	335
376	405	335
378	398	333
373	404	337
379	395	336
377	405	343
386	404	341
386	406	341
386	401	335
387	411	332
385	404	343
394	408	324
389	411	339
387	412	337
392	408	347
380	409	343
397	405	344
383	412	335
394	408	346
389	416	334
392	405	343
385	417	342
396	410	338
397	412	341
392	411	340
391	407	344
381	417	339
397	405	345
391	415	337
393	413	346
383	416	339
395	406	343
387	413	346
394	409	344
392	410	348
394	414	346
398	410	351
395	414	334
390	412	344
387	414	333
389	411	342
386	414	338
395	405	344
383	409	340
396	405	341
383	410	333
389	403	336
379	416	333
392	408	342
382	411	331
388	409	329
375	413	332
384	404	328
378	403	335
378	406	335
374	397	334
372	402	327
379	401	333
379	401	332
370	406	330
376	391	334
376	400	330
383	389	326
374	400	327
375	389	319
371	401	331
369	394	323
373	389	329
372	396	321
372	393	327
366	392	317
376	369	322
364	388	320
366	380	318
363	359	306
364	379	321
353	383	315
366	375	313
355	386	311
363	378	309
353	379	304
355	376	312
355	378	306
356	371	314
352	376	304
353	369	302
350	380	307
345	368	296
353	373	302
349	374	298
353	373	310
344	367	302
356	364	308
353	365	299
360	369	301
351	364	296
348	371	305
342	371	299
352	370	311
350	367	298
348	364	304
344	369	300
350	365	301
350	370	300
334	367	295
352	378	303
355	376	315
347	379	308
356	369	311
348	380	301
362	375	313
351	381	305
358	369	308
349	385	308
355	382	313
352	381	312
359	377	310
352	383	308
354	380	312
358	383	318
360	387	312
360	396	324
371	391	322
363	397	326
368	392	326
372	400	325
376	396	327
373	395	323
380	393	333
383	404	340
376	405	324
379	402	336
376	404	327
380	401	338
375	409	333
389	396	339
378	410	333
388	416	351
396	421	347
403	412	353
397	426	353
405	417	359
403	426	350
408	425	361
404	427	352
407	426	359
405	425	357
401	427	355
412	425	357
411	429	353
419	430	362
409	440	363
419	437	364
421	446	369
426	445	380
422	454	377
429	447	386
427	455	376
424	445	374
423	453	379
428	453	383
424	450	386
430	452	385
434	451	397
431	453	383
435	458	399
438	452	390
436	455	396
430	459	388
440	461	398
440	467	400
454	468	409
446	473	404
457	468	408
451	475	403
455	474	403
451	472	408
453	469	411
447	475	403
461	475	415
452	484	409
464	477	408
454	478	412
456	478	410
451	474	406
457	480	424
463	493	416
472	487	419
468	496	419
469	485	426
465	487	416
465	483	422
466	488	418
465	487	424
470	493	421
468	492	419
470	492	428
466	491	424
475	489	429
470	498	419
477	494	426
478	505	427
476	496	429
476	504	425
484	496	432
475	504	433
481	494	427
471	507	436
480	500	429
481	502	431
478	508	427
483	499	431
471	501	430
483	499	434
475	500	430
485	497	434
457	502	431
488	505	432
483	506	443
483	512	432
487	509	445
485	505	431
487	510	443
478	507	428
494	503	441
483	507	430
481	505	442
482	514	434
486	502	434
479	510	434
489	502	437
482	511	445
487	515	436
482	510	433
485	505	446
479	511	435
493	507	442
483	507	437
486	508	443
478	511	436
486	504	445
485	511	445
486	502	437
490	505	441
486	505	442
493	514	445
492	509	439
494	513	440
486	512	435
484	508	440
482	510	438
485	503	432
479	515	442
484	505	435
486	510	437
479	506	433
485	509	439
487	507	440
489	507	442
481	508	433
483	504	440
482	506	431
486	505	438
476	509	430
483	507	439
485	509	442
486	508	442
488	513	437
487	503	438
482	512	437
492	503	433
478	514	436
486	507	433
485	509	436
484	504	435
478	506	434
475	499	436
482	496	434
477	498	433
486	499	443
475	500	437
482	505	434
475	501	436
480	501	445
481	500	435
479	500	437
479	502	434
490	497	438
475	502	426
481	500	436
480	505	432
488	500	433
479	497	433
487	501	429
481	502	432
474	493	427
474	493	440
482	500	435
480	500	429
486	497	427
474	508	428
473	497	427
478	499	427
468	497	425
470	488	437
473	494	424
472	493	437
472	497	430
479	490	430
468	502	420
475	495	431
474	501	421
472	491	425
468	495	432
481	505	423
477	497	430
475	499	425
474	496	434
468	497	420
474	489	433
467	497	423
471	490	431
466	493	428
470	486	428
454	500	428
473	493	430
476	490	425
472	493	420
470	491	429
475	498	425
473	496	426
480	498	421
475	495	423
463	498	417
467	498	430
470	496	424
472	488	427
468	497	422
472	491	429
466	495	423
468	489	428
467	492	423
470	487	423
473	491	429
471	496	414
465	495	416
473	492	429
465	494	422
475	491	425
467	497	416
472	487	421
470	492	427
469	497	416
474	486	428
464	492	423
479	486	426
464	491	422
473	490	424
471	490	423
478	487	422
464	493	422
475	493	429
478	493	433
472	491	423
477	497	434
468	494	430
475	490	428
465	497	423
477	487	425
470	496	422
476	486	431
471	501	429
469	492	423
471	487	422
469	487	420
470	492	434
468	491	426
475	494	435
477	504	430
478	497	430
477	503	438
476	494	429
475	495	432
474	491	430
476	501	435
478	497	430
473	497	425
476	501	416
475	495	428
467	497	416
474	485	428
472	493	434
480	492	430
468	495	423
478	494	428
466	495	420
469	491	426
467	499	425
468	488	429
468	493	429
475	498	423
472	498	430
466	494	421
473	485	426
461	493	417
466	488	419
461	491	413
466	482	415
461	485	414
467	493	412
472	478	418
458	488	407
470	482	415
463	491	411
467	479	419
457	484	408
457	483	416
453	487	405
459	476	413
450	483	405
452	471	404
451	471	417
450	475	403
460	469	414
449	476	401
443	466	404
443	475	409
448	462	397
444	471	407
445	460	395
443	472	399
445	461	393
439	463	391
437	460	393
444	468	390
439	467	391
437	460	396
432	460	382
434	451	389
428	455	381
434	453	386
424	449	376
426	450	382
421	448	372
425	445	380
419	441	367
421	434	369
416	442	363
420	434	369
413	434	369
417	433	366
414	434	365
415	436	351
410	428	365
397	428	357
411	424	360
402	430	359
401	420	352
401	424	354
390	416	347
398	425	355
391	417	346
398	405	352
395	413	348
394	414	346
389	419	346
397	417	348
387	419	343
401	415	356
391	418	348
394	412	352
392	416	343
391	415	340
383	416	348
395	409	351
389	417	345
392	411	339
390	413	349
392	415	348
397	410	349
388	417	345
392	409	348
388	421	346
395	412	354
394	414	348
397	410	350
390	411	347
397	408	347
387	417	345
399	419	349
397	417	347
404	420	356
397	419	345
402	418	359
395	418	351
400	417	357
393	421	351
404	416	357
401	420	361
407	414	349
404	414	358
395	430	353
409	417	356
398	427	351
404	426	356
415	433	360
409	433	355
412	428	360
410	435	359
407	432	355
408	433	358
406	432	361
411	435	368
408	431	360
405	427	360
404	437	359
415	431	366
407	443	363
419	432	372
414	446	365
421	439	368
413	440	379
425	441	382
425	451	382
423	443	373
435	448	377
428	443	375
427	454	381
427	454	379
429	445	379
429	447	373
429	448	381
422	451	375
433	446	384
425	452	375
432	446	382
425	453	378
431	459	379
432	452	389
428	462	390
439	447	389
435	464	381
443	458	391
431	462	381
434	456	391
434	456	381
433	459	392
432	462	389
438	459	379
431	462	383
437	459	385
436	462	386
431	459	381
432	458	392
441	460	392
432	457	395
447	459	394
435	462	385
439	459	379
440	469	390
440	458	391
444	463	398
433	463	392
440	455	400
436	468	388
437	458	395
440	468	384
441	458	383
440	464	386
442	466	396
449	455	398
443	472	395
441	465	398
440	471	394
444	461	404
435	470	397
446	457	394
439	467	395
446	455	396
437	462	393
442	457	394
442	467	387
442	461	388
443	460	394
440	459	387
436	459	397
440	467	390
449	467	404
432	466	394
448	461	402
438	465	402
447	464	405
447	465	401
445	459	397
441	468	399
450	461	397
447	467	401
447	467	392
445	467	400
441	473	394
450	470	398
443	472	396
448	467	395
450	472	403
448	464	405
443	472	397
445	468	405
434	464	394
442	462	400
435	465	390
444	457	401
435	472	395
446	461	401
440	470	399
445	459	393
440	468	393
439	461	394
442	467	391
442	459	402
437	467	397
441	467	401
437	470	400
440	463	399
440	463	398
445	464	394
444	461	398
439	461	393
446	464	397
432	469	385
440	457	392
434	465	385
443	457	391
433	467	391
444	459	392
438	451	392
437	456	391
442	459	394
435	461	386
439	461	395
442	462	387
446	456	399
434	460	389
445	461	392
436	463	395
440	457	394
437	459	392
440	455	392
438	459	390
444	458	392
437	460	396
437	462	391
446	455	397
436	461	394
441	458	390
440	465	391
441	458	393
437	467	390
442	454	390
429	461	386
440	458	393
435	461	392
440	458	386
443	455	389
433	461	388
439	458	393
437	458	388
444	461	393
433	458	388
441	466	398
441	457	388
439	456	390
438	461	383
441	456	392
435	458	384
440	456	392
443	463	394
439	458	391
441	459	392
433	463	389
441	465	391
437	463	379
445	458	379
435	465	388
435	461	391
438	461	388
438	456	387
429	459	385
437	453	387
437	458	391
437	456	391
441	450	394
434	458	385
437	449	391
433	456	387
437	449	391
429	454	386
435	454	387
437	453	398
436	460	389
439	455	388
438	459	387
440	454	392
430	467	388
440	456	396
430	467	387
441	457	391
429	459	386
439	451	393
435	459	387
440	451	387
435	467	389
435	455	388
433	458	386
440	453	387
429	462	381
441	454	389
434	464	384
435	456	395
437	456	388
436	453	392
437	459	385
438	458	383
428	458	388
427	452	385
428	440	389
425	452	388
433	449	395
425	447	380
434	451	392
426	459	386
432	450	384
426	459	394
429	451	385
430	454	393
437	449	388
442	451	383
435	453	386
433	452	387
431	456	370
436	453	383
433	461	374
436	449	379
423	452	373
429	446	379
420	453	376
429	445	389
430	449	380
431	449	384
427	451	386
433	427	386
431	448	386
425	449	379
432	449	382
432	451	379
430	456	387
426	453	382
426	440	387
419	449	375
429	442	379
420	450	380
424	445	363
421	448	374
427	445	382
418	449	378
429	447	383
422	449	378
425	447	378
425	442	373
424	440	377
419	444	374
414	437	372
425	447	373
418	450	372
427	441	376
417	446	372
425	439	370
421	441	363
416	439	371
411	437	363
416	431	367
414	443	366
417	435	372
408	436	367
410	433	371
411	431	361
414	432	361
408	439	361
411	431	359
407	431	360
404	429	359
403	421	361
406	422	351
406	425	355
403	422	351
402	415	358
393	419	346
407	415	349
391	422	347
401	413	356
387	416	348
394	410	356
386	409	344
400	410	341
388	413	337
382	409	343
389	405	339
382	406	337
387	408	332
380	403	335
380	398	335
377	405	329
379	394	337
375	406	329
385	397	331
373	401	323
375	399	337
368	402	324
374	390	334
373	400	330
377	387	328
366	393	323
373	390	321
370	393	323
377	392	323
367	386	324
367	387	326
365	396	322
368	382	327
368	398	322
373	381	321
365	393	313
375	391	322
365	390	313
357	390	316
365	389	323
364	391	318
368	382	326
356	381	314
364	380	318
357	390	320
368	380	319
367	393	326
371	393	321
373	394	324
365	391	320
372	388	323
352	396	320
367	389	327
364	394	320
377	381	324
365	391	318
369	387	318
369	395	319
372	391	323
376	390	322
370	399	325
371	395	330
375	400	325
368	399	338
368	397	326
376	398	337
377	405	323
387	395	331
375	404	336
383	396	336
376	400	328
379	400	337
377	408	335
379	395	322
379	404	334
389	399	329
380	408	337
382	397	333
385	412	339
387	411	350
385	409	341
392	411	346
389	414	338
389	415	346
390	417	348
395	407	347
390	412	348
397	407	348
389	415	342
399	418	345
390	423	350
395	419	345
395	414	349
393	422	347
398	428	350
401	420	352
402	429	353
403	424	358
400	427	355
405	424	359
399	428	357
411	424	355
411	429	357
404	431	350
403	431	364
409	428	360
408	427	364
383	425	350
409	428	365
401	427	351
407	429	364
406	438	360
413	434	368
408	433	357
411	429	369
410	435	366
409	429	349
406	438	364
413	430	360
412	432	359
405	430	358
414	430	367
412	424	363
416	429	362
408	434	355
415	434	370
410	443	376
417	436	364
422	438	374
413	432	362
418	433	366
407	446	367
419	434	371
413	439	363
418	430	372
414	436	373
418	436	371
412	441	369
418	436	372
425	442	366
422	444	361
423	438	369
418	448	369
423	444	379
419	446	368
419	441	374
417	444	363
427	446	375
412	442	364
421	433	371
417	447	374
424	444	374
411	447	376
423	442	369
419	445	370
415	448	353
419	443	368
415	439	362
424	443	373
415	446	373
422	439	369
414	444	366
419	447	377
413	444	375
423	435	371
424	445	377
417	437	375
424	440	375
417	443	375
421	439	383
420	438	375
426	440	382
422	440	373
427	437	379
414	445	379
424	443	379
425	450	389
423	444	378
421	444	376
426	445	375
422	446	378
420	441	370
426	440	382
421	451	370
427	447	382
424	455	374
430	441	376
419	450	370
426	442	379
422	446	371
425	446	388
427	448	375
433	445	379
419	460	380
426	445	382
423	455	380
432	444	386
428	452	376
425	443	379
425	453	381
430	448	382
425	452	388
427	446	370
422	442	379
419	448	371
426	442	380
430	445	379
423	458	382
425	446	386
428	453	385
435	448	379
427	450	379
426	454	378
430	446	390
419	448	382
427	443	383
424	445	378
432	444	382
423	447	383
435	448	382
427	454	384
432	441	379
426	454	389
427	455	387
423	453	389
435	446	385
435	452	390
431	449	383
440	460	388
433	449	381
431	460	387
432	461	380
434	460	386
430	460	382
431	449	389
426	455	385
433	449	385
431	459	393
439	455	383
428	458	389
422	455	383
438	452	389
427	455	383
433	450	384
430	454	379
437	456	388
426	459	383
434	454	393
426	456	381
430	449	387
427	453	384
429	448	383
425	453	379
434	451	381
429	459	382
434	454	391
431	459	385
435	457	389
430	455	381
436	450	387
432	455	386
436	449	379
432	454	387
439	451	381
436	460	392
433	463	382
435	458	390
429	463	380
437	453	386
427	460	381
431	447	385
432	453	386
432	456	389
427	461	384
436	449	387
429	453	385
437	449	388
430	459	388
438	454	389
433	452	385
436	450	384
426	451	384
424	450	384
430	451	394
425	453	383
427	445	386
431	455	384
433	452	396
429	461	386
439	457	392
430	455	386
435	454	393
430	457	380
439	456	390
431	459	390
435	451	381
434	458	386
439	454	382
429	457	378
431	451	381
429	460	383
430	454	384
427	455	386
431	458	387
440	449	392
434	456	385
438	455	387
437	463	389
437	458	387
429	459	385
433	454	397
431	459	383
437	455	393
434	460	391
440	452	391
440	455	391
439	455	380
441	452	387
437	464	383
439	457	390
438	463	387
439	456	391
438	464	385
438	460	391
432	455	385
435	455	393
434	455	379
434	454	389
431	456	386
437	455	385
432	458	388
429	451	386
430	459	388
434	454	375
428	444	387
424	458	378
434	447	383
429	450	382
430	448	384
429	447	378
429	445	378
421	449	371
434	449	373
428	450	372
422	444	367
427	437	375
415	452	371
427	438	379
417	445	372
424	441	376
416	442	372
423	438	379
413	437	361
415	436	360
411	436	364
408	436	360
406	438	361
405	435	365
404	429	371
403	428	364
409	423	361
402	428	361
410	431	361
406	430	359
408	422	361
395	426	350
397	417	353
392	412	341
390	414	350
387	413	345
393	408	353
392	408	343
391	407	350
387	407	338
390	407	348
380	404	334
384	398	340
382	408	338
385	403	336
381	408	335
385	396	329
374	404	326
378	397	324
367	399	327
375	393	326
366	398	326
371	391	328
369	390	315
371	392	323
365	391	312
369	384	320
367	394	315
369	383	312
358	394	315
349	386	312
357	385	315
360	387	316
359	380	321
358	389	307
364	380	314
356	387	310
366	378	319
356	386	307
364	373	313
355	388	311
359	380	310
354	380	304
354	378	304
353	384	301
349	374	300
351	377	312
353	378	309
355	376	318
350	373	310
355	384	313
362	381	322
363	375	309
364	384	314
363	387	319
364	384	316
361	383	313
365	388	315
362	387	312
360	387	312
355	392	312
360	381	312
355	391	313
366	382	322
360	393	324
366	384	317
363	392	322
371	391	327
367	400	321
375	393	332
367	396	326
376	386	327
369	397	325
377	398	328
378	402	331
372	396	325
345	404	332
377	400	327
376	399	329
370	398	327
380	394	337
370	397	323
390	401	336
382	406	335
387	407	341
384	410	338
391	405	337
380	409	343
387	409	341
388	410	342
390	405	332
385	418	336
386	408	334
386	409	344
387	410	340
386	414	342
383	421	343
396	411	352
399	429	351
406	424	359
401	424	348
400	423	348
396	427	357
395	424	355
407	426	356
397	423	354
403	430	360
405	428	357
403	422	352
399	431	355
406	425	360
401	428	352
411	423	364
405	431	352
410	434	362
413	429	367
411	431	373
415	437	365
413	429	371
415	439	366
417	431	366
415	441	366
423	436	367
417	443	360
419	435	365
417	437	362
410	433	367
412	432	378
389	434	366
421	429	376
421	444	369
421	446	375
424	447	376
419	441	376
418	446	367
428	441	379
418	449	372
424	441	378
424	447	373
428	443	378
423	448	374
426	440	374
427	445	371
428	450	376
430	446	379
425	450	368
428	449	377
418	444	373
431	449	381
421	451	375
427	444	384
420	450	379
421	443	370
422	447	381
429	448	371
416	451	385
423	452	379
429	445	381
421	451	381
432	443	385
424	449	373
429	448	369
423	452	386
421	446	380
438	443	385
423	447	376
437	448	383
431	462	384
438	453	388
426	459	378
433	451	386
423	457	381
435	449	392
428	456	383
427	445	380
429	458	385
426	451	385
427	450	387
440	456	388
430	457	384
433	456	390
427	454	384
438	449	386
431	462	384
432	455	387
436	453	390
433	453	383
429	447	390
433	453	377
439	453	391
435	455	380
437	450	387
427	460	382
436	455	388
432	458	394
438	457	391
440	456	387
439	465	392
443	460	396
436	468	386
436	462	386
426	461	381
434	455	390
433	461	385
432	453	390
430	463	392
438	459	391
439	460	394
433	458	386
433	459	387
442	456	385
440	454	388
431	458	385
437	449	392
430	455	384
436	450	387
430	460	383
436	455	384
437	458	379
434	458	386
436	457	387
428	457	381
431	449	387
426	453	380
434	452	384
430	465	384
432	453	393
434	449	383
441	451	392
435	453	378
435	457	394
428	455	381
440	450	389
430	464	382
435	451	388
434	453	383
433	454	377
436	457	379
435	453	377
430	456	379
425	451	379
428	457	383
436	459	385
444	453	392
431	455	384
434	456	391
433	462	386
438	453	396
433	458	390
443	449	392
436	461	384
433	451	391
431	457	383
433	453	383
434	462	386
442	453	385
436	459	386
430	454	379
433	455	386
430	458	382
442	458	391
429	461	380
434	460	391
436	464	390
437	455	394
436	460	396
433	458	387
439	455	389
438	458	383
442	458	395
429	455	383
436	435	387
432	459	386
441	456	385
439	461	382
438	459	395
431	465	388
440	464	391
435	462	391
439	459	393
428	465	385
441	453	391
431	461	386
438	452	388
435	460	388
435	450	386
429	459	388
428	458	387
433	457	387
431	461	380
429	463	385
442	451	382
437	461	389
436	458	386
436	464	385
434	455	379
435	458	396
427	455	382
440	452	395
434	454	383
435	453	390
430	464	381
441	456	389
433	458	382
433	453	383
430	461	380
431	451	381
430	451	390
429	452	386
431	447	395
430	452	384
442	447	388
426	452	381
438	453	393
432	459	383
435	453	391
434	463	384
425	450	378
429	446	381
427	451	378
434	451	392
428	453	383
429	448	383
423	463	383
431	454	392
435	454	379
435	447	381
431	456	388
431	449	384
428	455	382
434	445	383
427	455	381
433	446	385
428	456	388
432	462	381
435	454	383
430	455	384
428	446	380
433	449	380
437	457	383
433	456	382
434	454	383
421	454	375
430	445	382
425	452	379
430	441	382
426	451	383
430	444	382
422	447	380
425	448	375
421	451	381
429	449	377
428	449	380
429	453	372
421	435	367
416	444	376
416	441	366
416	441	367
413	433	369
418	436	372
416	442	367
422	435	372
407	434	363
419	436	367
412	437	367
412	431	369
407	435	359
415	429	355
413	433	360
405	428	355
406	430	366
409	431	356
407	432	363
398	427	351
410	424	356
402	427	352
407	420	355
403	425	350
404	417	355
393	428	344
396	421	352
394	419	352
399	414	347
402	425	354
397	420	350
396	415	346
392	411	349
387	410	341
389	405	347
385	411	335
386	408	341
384	407	336
386	404	337
384	407	338
387	409	335
385	403	342
385	409	320
387	404	332
375	407	329
384	402	333
369	405	329
381	396	335
377	398	324
377	403	337
373	397	322
379	396	330
378	402	322
382	398	326
369	403	328
378	394	334
368	398	328
376	393	329
367	393	332
376	394	330
374	393	330
373	387	324
377	397	326
378	394	328
377	382	335
381	396	321
384	401	332
372	402	327
378	401	335
368	401	326
380	400	338
368	400	327
375	393	335
376	404	333
379	396	334
379	400	337
377	397	329
383	406	333
380	405	328
383	403	334
386	409	339
388	407	336
378	410	335
389	404	347
380	410	332
389	406	343
380	412	336
392	403	341
391	416	335
393	409	344
386	418	341
393	405	339
382	413	341
394	409	340
386	413	342
385	410	338
398	418	349
394	416	346
394	419	345
399	412	346
394	418	349
391	416	346
395	412	357
397	414	349
395	417	354
396	420	344
407	422	357
398	422	344
399	421	356
397	429	350
401	417	350
397	423	353
410	429	359
406	433	353
408	425	365
407	426	354
413	428	356
409	430	359
409	430	363
406	433	358
412	424	363
405	436	355
411	427	360
406	434	365
406	427	359
404	423	369
402	425	357
415	426	363
412	434	374
419	435	367
408	437	370
418	437	371
420	438	376
421	433	370
420	438	372
419	440	368
425	434	373
414	438	371
417	431	371
418	442	368
419	434	371
417	442	373
421	439	372
421	437	378
430	444	373
425	445	383
419	449	369
428	449	382
417	445	369
423	445	379
423	448	374
428	445	370
421	451	375
422	451	376
424	439	375
423	449	374
420	447	378
421	454	377
425	444	385
424	454	377
429	449	381
423	444	379
431	443	382
430	453	380
425	447	386
423	455	379
434	449	389
422	452	383
429	445	385
426	448	380
424	448	377
426	457	381
422	450	381
421	446	384
420	446	373
431	447	385
427	453	380
434	450	386
427	457	385
430	450	384
424	455	384
430	447	391
430	458	384
434	453	390
429	450	389
435	447	383
432	457	389
427	454	383
424	451	389
422	446	377
434	451	390
432	458	385
430	455	388
427	457	382
439	454	388
430	455	385
430	456	389
433	458	394
432	452	392
436	459	394
428	458	386
432	456	382
422	462	379
437	456	386
424	455	378
428	449	379
423	455	375
431	451	382
424	454	380
438	455	386
424	455	379
436	454	388
426	459	378
432	447	390
432	456	385
438	448	391
430	452	383
429	447	375
431	452	379
434	458	380
436	452	379
429	455	373
434	446	385
430	451	376
433	448	378
423	448	378
428	445	374
429	453	374
435	446	373
422	455	377
430	449	380
421	452	381
417	445	380
420	441	377
420	442	372
425	440	385
420	447	375
424	444	385
422	450	380
420	444	377
423	449	384
435	447	383
425	451	379
434	448	388
429	453	386
436	452	384
428	449	382
431	451	378
432	449	385
429	451	378
435	450	386
429	456	380
435	445	382
422	454	379
433	447	389
421	455	382
428	445	383
428	452	377
434	450	390
428	456	383
435	449	382
431	459	380
432	447	383
428	451	382
427	452	381
427	454	381
428	455	383
436	459	386
434	454	384
435	453	389
425	450	380
432	422	386
433	457	377
433	454	391
431	459	380
433	454	385
435	462	382
435	462	389
429	462	382
434	453	387
429	455	377
437	449	381
432	455	378
436	444	385
401	455	383
437	453	388
437	455	383
432	451	383
426	449	382
423	454	383
438	450	388
427	457	383
437	447	381
426	458	383
429	448	387
423	457	379
435	452	393
435	451	378
432	445	385
425	451	379
429	451	386
423	451	387
432	449	381
431	450	385
432	454	381
435	454	394
426	447	385
438	452	393
426	452	381
432	447	383
431	458	376
429	447	381
426	457	381
434	455	380
430	454	385
414	449	382
423	451	378
423	445	383
426	442	384
420	451	383
425	444	387
427	449	376
425	453	387
423	449	375
429	455	386
429	458	383
430	442	385
425	452	375
431	450	390
430	452	383
429	445	377
425	449	373
427	445	372
427	447	372
423	444	376
424	445	382
430	449	380
426	449	372
426	445	380
426	447	381
417	446	373
420	441	377
420	442	371
430	446	386
423	451	377
425	436	382
420	442	377
430	437	375
418	441	367
421	432	373
413	443	379
416	440	372
417	433	366
412	440	359
421	435	367
408	443	366
412	433	371
408	438	366
416	431	357
413	438	370
416	436	356
413	427	360
400	433	362
409	425	360
403	427	351
407	421	362
404	423	358
403	421	357
386	418	355
406	414	348
392	425	348
398	413	337
389	415	346
388	416	342
394	414	348
383	414	344
391	409	342
383	410	338
386	407	341
389	410	334
389	409	348
387	406	331
384	404	337
378	409	334
379	401	338
374	403	331
381	401	326
372	405	336
379	396	331
378	400	336
379	392	339
376	402	325
386	398	337
374	402	324
381	394	327
371	407	328
380	397	334
373	399	329
372	396	322
370	404	326
374	398	323
372	397	334
375	397	327
382	395	333
369	397	323
383	393	329
369	401	331
372	392	331
376	398	331
383	395	334
380	402	326
379	397	332
373	402	327
384	400	332
371	400	331
378	395	336
384	407	333
380	406	339
380	410	329
389	407	337
377	410	335
390	404	345
387	411	335
389	403	335
386	414	337
390	408	342
382	407	338
383	406	336
390	406	337
380	408	331
392	408	340
387	410	338
394	412	347
391	425	347
395	417	356
398	417	349
398	418	352
392	423	347
404	419	356
398	421	346
404	419	350
391	431	356
404	419	358
395	421	354
404	416	357
407	428	356
412	423	346
404	417	358
407	429	362
407	432	368
414	427	358
411	437	360
410	434	357
410	432	360
405	435	357
414	424	366
409	441	364
413	436	363
413	438	359
414	429	368
412	435	369
413	427	368
420	432	375
418	441	370
416	433	374
415	439	364
414	441	375
412	442	373
417	436	378
416	442	369
422	437	364
413	440	368
415	437	371
415	434	366
413	438	367
419	437	372
419	436	372
424	441	374
413	443	365
420	437	370
413	450	376
423	446	370
433	448	381
422	449	373
425	443	380
423	454	377
424	444	385
421	452	382
422	441	378
422	450	383
430	439	381
419	448	385
430	445	384
427	450	379
428	452	373
429	445	378
428	451	369
430	453	381
414	453	375
433	454	388
428	449	378
436	448	387
428	449	379
429	441	383
429	455	384
432	445	383
439	451	386
434	455	385
436	453	379
436	454	371
432	454	386
427	449	378
432	453	386
428	457	383
436	450	382
428	454	377
434	455	392
427	455	379
434	455	392
430	456	387
436	449	378
430	456	386
429	452	383
433	451	382
423	452	379
430	453	383
429	455	381
429	451	388
440	463	386
433	451	394
431	462	383
437	458	393
431	463	382
441	456	387
427	455	381
435	455	387
428	454	384
433	448	387
436	455	394
429	456	386
439	452	389
430	461	380
436	448	394
427	456	387
436	454	385
432	460	382
440	456	395
431	460	388
439	458	391
431	461	379
435	453	394
428	455	382
435	448	394
434	456	388
440	457	394
434	459	383
434	455	383
434	462	386
433	452	381
439	453	383
432	447	388
434	458	387
434	455	387
427	459	387
438	450	387
426	457	384
429	454	388
427	451	377
427	450	385
429	458	385
429	456	382
427	448	391
400	450	385
436	454	386
430	462	380
437	454	389
432	451	392
433	457	378
433	455	388
434	454	373
433	461	387
429	455	383
433	458	388
424	453	381
433	449	390
432	458	384
433	449	387
427	453	389
435	444	383
422	456	385
427	451	382
437	457	386
435	445	381
429	449	391
427	451	373
439	450	386
428	456	378
434	445	380
423	453	376
426	449	383
428	460	383
425	446	382
423	450	376
429	445	381
422	448	381
417	446	374
421	440	383
424	445	379
422	450	385
426	453	375
423	454	380
421	454	380
426	447	383
427	450	383
431	443	383
425	452	381
433	447	378
424	454	372
433	446	375
423	449	374
428	447	372
425	449	376
422	444	373
424	447	385
426	449	381
431	445	378
420	458	380
432	451	388
421	451	380
431	450	386
430	449	387
428	443	381
431	456	381
435	448	383
437	451	383
427	453	377
435	456	387
430	452	376
433	455	384
427	455	377
430	444	365
427	454	376
432	444	385
428	456	385
433	448	382
430	449	380
424	450	372
433	448	384
426	457	380
430	450	386
429	455	380
433	451	382
421	449	372
432	446	371
430	455	380
411	452	374
421	445	380
429	450	382
423	451	375
416	447	380
426	450	375
423	447	375
425	444	380
421	448	375
430	444	379
418	449	374
425	449	380
420	448	378
429	449	376
428	452	377
425	448	368
423	440	382
429	443	385
427	446	376
431	448	377
424	454	382
423	443	374
431	449	382
422	444	380
425	441	378
417	448	380
423	445	384
423	453	373
430	447	381
416	448	374
421	446	378
425	450	376
420	442	373
415	439	371
411	447	364
421	436	374
418	442	372
419	438	378
412	442	370
415	433	367
414	437	363
416	432	369
414	438	375
405	434	358
417	425	365
407	438	363
413	427	367
407	431	360
411	423	366
404	422	365
402	418	355
407	425	356
396	427	353
397	420	362
398	426	354
399	419	360
397	426	351
406	416	354
393	421	343
401	415	350
395	420	344
396	410	349
392	420	344
391	415	344
389	410	341
392	407	335
379	410	337
384	404	342
390	405	333
386	409	336
388	411	339
379	408	330
386	399	339
373	398	325
381	399	338
378	403	326
377	393	333
376	398	324
381	393	327
367	395	328
380	394	327
366	382	323
365	394	318
369	388	325
363	391	312
372	388	323
363	391	317
365	389	320
359	393	316
370	385	317
366	391	316
367	383	309
362	387	321
356	389	310
361	379	315
356	383	317
366	382	319
364	390	313
368	384	324
366	396	315
366	386	322
364	394	318
362	383	320
358	390	314
372	382	318
360	385	314
366	379	314
361	385	315
359	385	315
359	382	315
363	386	311
367	383	324
369	389	316
364	390	325
365	392	322
372	389	334
362	389	322
371	388	328
370	397	323
378	393	331
370	399	328
383	391	325
370	401	322
375	396	327
369	399	322
374	390	329
373	376	333
379	398	329
378	401	327
386	408	336
385	406	332
389	402	343
383	403	340
394	400	342
382	405	338
387	409	340
379	410	335
392	407	348
390	408	339
387	408	343
390	417	343
394	415	340
392	410	346
389	406	340
392	404	350
395	428	348
398	419	359
400	422	350
406	421	357
394	430	350
406	416	363
394	422	351
403	417	355
399	428	356
411	421	362
402	424	358
407	417	358
397	417	356
397	419	353
403	423	356
403	428	355
407	412	365
405	436	364
416	435	365
409	441	364
410	431	372
409	431	366
416	428	365
407	438	367
418	433	372
409	433	371
415	431	362
413	437	369
415	441	364
417	436	368
421	438	367
421	435	370
416	446	367
422	444	377
419	445	366
423	447	371
422	444	363
417	443	374
416	446	370
422	441	376
418	449	368
418	439	372
416	444	378
426	438	373
419	441	377
423	449	362
418	443	373
411	447	367
421	448	373
426	443	375
426	453	376
426	446	371
432	456	382
428	452	378
428	450	384
420	450	375
428	443	382
419	445	371
426	444	383
417	448	378
426	444	374
425	447	373
414	446	369
422	439	377
427	453	374
431	452	384
429	454	374
430	455	387
421	450	377
433	451	391
430	449	387
430	446	379
422	451	374
438	447	381
420	452	383
422	445	375
426	447	379
425	450	382
430	443	382
424	446	382
425	445	387
429	460	378
432	454	388
432	462	382
428	450	390
425	451	385
432	452	389
434	451	387
430	451	381
432	456	385
430	451	382
435	451	382
430	461	382
430	458	385
435	457	382
434	447	381
436	462	386
440	455	390
439	458	388
436	456	388
434	458	380
432	460	388
436	462	382
437	459	393
420	459	385
437	449	390
427	456	383
435	453	390
433	460	379
433	451	384
430	454	384
435	449	386
435	449	389
430	466	384
434	456	394
426	460	383
438	455	394
436	459	386
435	455	392
437	455	386
434	454	385
431	459	388
442	456	379
438	462	384
431	455	378
435	455	392
437	460	387
436	456	384
431	466	395
442	458	395
434	465	393
442	457	391
432	457	391
436	452	387
444	458	399
432	456	387
441	452	391
432	459	383
446	462	395
436	467	391
442	460	390
432	460	381
435	461	388
431	462	390
439	462	399
441	458	393
442	461	394
448	463	391
444	466	393
444	462	390
435	471	389
442	461	394
443	462	387
441	462	397
434	463	392
437	453	397
441	456	388
441	451	391
431	460	389
442	453	387
434	459	383
435	461	396
430	461	386
439	446	397
439	458	389
436	452	393
431	463	393
439	460	392
440	466	397
441	462	394
441	464	394
444	466	384
444	461	390
434	461	382
443	459	391
433	461	384
442	456	392
438	446	390
438	460	384
439	452	383
436	463	387
439	457	400
432	459	387
442	452	393
435	457	388
445	455	395
432	457	387
439	457	390
436	462	383
444	459	383
429	458	384
437	463	389
435	456	399
441	465	385
439	460	397
437	466	396
437	457	391
438	466	395
444	454	393
442	464	389
443	455	395
436	458	397
438	454	390
446	464	392
438	460	383
445	465	394
442	467	386
442	457	391
440	460	384
444	463	393
442	467	382
438	466	394
437	468	388
440	459	394
436	462	390
440	456	393
434	460	392
434	453	388
436	460	391
438	460	389
441	461	391
437	457	386
439	456	389
433	458	386
437	456	386
430	460	385
436	454	396
430	456	384
435	455	393
432	457	382
438	455	386
433	455	380
430	457	381
433	455	386
428	452	383
425	449	382
428	447	382
438	451	391
433	453	382
432	447	386
434	454	382
433	451	385
426	458	386
439	445	384
426	451	376
427	449	378
429	449	383
422	443	372
422	444	380
419	449	371
433	446	381
422	446	377
422	439	378
420	443	368
420	442	380
417	445	372
419	438	373
419	441	362
414	438	373
414	444	367
412	435	366
413	437	370
418	436	367
419	435	373
409	431	366
415	435	370
413	436	360
406	434	365
408	436	353
414	425	357
377	427	352
406	420	358
400	423	353
400	421	354
398	415	350
403	415	349
396	421	351
398	416	348
390	412	336
396	406	347
390	416	341
393	408	348
385	413	338
392	410	334
381	411	336
386	405	335
394	412	334
387	412	327
380	393	336
374	400	326
383	400	332
369	406	332
375	397	336
371	399	326
379	398	330
368	395	319
380	396	326
368	393	317
369	393	326
363	390	329
373	392	327
374	395	326
370	386	325
371	393	319
366	391	317
373	391	321
362	388	322
367	383	327
365	398	317
369	387	323
368	397	320
367	388	325
365	394	320
367	390	323
361	391	317
365	387	320
367	389	317
360	386	319
361	386	330
359	387	315
367	392	323
362	389	323
373	380	322
368	394	321
374	388	331
376	398	325
377	393	331
369	396	323
379	391	329
371	395	324
383	394	328
370	398	322
381	395	332
372	402	322
379	393	328
371	405	327
385	405	343
382	403	336
383	403	343
376	401	336
388	404	343
385	412	340
389	406	342
383	412	332
395	410	341
389	416	336
391	404	337
385	409	335
390	405	339
391	413	345
387	409	335
384	405	344
399	419	347
402	420	356
398	426	355
403	414	357
399	427	352
407	420	354
402	431	352
405	418	355
398	432	347
405	423	359
397	432	348
403	427	354
403	424	362
399	423	358
399	420	358
401	425	361
408	436	365
413	438	371
412	431	361
416	438	366
420	435	370
411	436	370
415	430	366
412	438	367
414	441	364
424	439	374
416	440	368
419	434	372
411	436	367
416	435	367
412	437	371
414	434	367
416	445	368
429	438	377
420	447	371
418	441	376
420	449	373
424	444	367
420	445	375
413	443	375
417	444	381
411	446	374
418	438	380
414	444	376
420	440	382
413	444	376
421	439	372
420	447	368
428	455	376
428	445	387
419	450	371
431	442	379
420	450	371
426	447	385
421	450	380
424	444	376
418	451	371
432	450	378
421	449	377
423	446	375
425	450	376
421	447	372
427	447	381
422	456	376
430	445	377
426	451	374
430	449	379
421	451	386
428	457	378
435	451	381
429	458	380
431	448	385
425	458	380
432	450	387
427	452	380
433	446	382
425	455	381
429	451	377
426	452	379
428	447	371
403	453	382
426	445	380
432	455	387
428	452	386
430	450	391
430	449	378
435	452	393
432	455	380
434	446	386
428	455	383
436	447	375
432	454	377
430	452	376
432	449	385
425	447	380
429	445	388
434	450	393
429	457	381
435	457	385
435	457	379
422	451	378
428	457	383
430	454	381
430	453	382
430	454	387
435	452	385
427	453	379
434	452	395
427	449	382
434	451	385
433	458	376
437	449	388
426	459	390
434	454	394
430	458	382
439	455	385
429	458	387
438	458	392
441	458	395
439	451	391
439	461	390
436	458	386
434	449	385
431	458	385
438	450	386
430	451	386
436	448	391
435	451	383
434	455	386
437	452	394
430	454	377
440	455	390
427	458	380
436	453	389
430	457	386
431	453	385
429	461	378
427	455	378
423	453	376
424	447	376
426	446	377
421	454	376
427	443	382
424	451	377
427	453	377
427	453	375
424	451	378
426	450	378
427	454	378
423	444	377
430	450	377
427	453	379
427	445	379
419	456	375
426	447	383
420	449	377
400	445	386
421	450	379
426	445	377
421	449	378
425	450	378
430	442	378
421	456	380
430	447	381
424	449	375
431	448	382
421	450	385
425	442	378
425	446	378
427	451	382
431	446	381
426	448	381
432	451	378
422	448	377
427	422	377
428	453	373
435	445	386
427	453	379
432	447	387
427	451	378
431	453	385
434	454	385
426	451	384
429	449	383
417	450	376
426	449	387
421	450	375
431	450	382
422	452	382
426	447	378
421	456	374
425	449	371
431	454	378
436	454	392
424	453	380
433	453	383
425	455	377
433	455	380
430	457	384
431	455	384
432	451	384
429	452	379
437	448	387
425	456	379
430	447	375
432	454	376
433	449	374
429	454	376
432	453	383
431	462	393
430	450	387
434	445	387
433	451	384
432	452	390
428	457	376
435	452	384
428	453	376
434	450	382
432	457	383
433	450	381
423	456	375
430	448	383
425	457	385
428	449	383
431	438	384
422	451	386
438	450	385
423	455	376
439	456	388
429	457	381
435	448	382
423	453	372
430	447	382
425	453	390
433	442	383
423	447	380
431	447	383
430	448	384
431	451	379
431	453	380
422	450	370
427	444	379
421	448	375
422	438	375
418	449	372
424	435	379
424	445	375
420	434	368
418	443	370
412	434	367
412	431	370
411	431	365
419	431	370
411	424	363
417	433	367
410	437	360
412	430	361
400	424	355
408	422	363
406	431	353
401	428	357
405	424	358
398	417	359
397	419	350
403	420	361
403	423	352
406	416	360
397	425	351
401	413	351
395	420	347
389	415	340
392	400	344
394	413	341
389	411	349
392	409	333
394	408	343
382	416	332
385	409	344
379	414	344
390	403	337
381	409	341
390	397	336
391	401	337
381	400	334
382	404	330
377	406	330
382	395	333
369	406	328
370	391	328
376	397	323
382	389	327
369	403	325
372	387	329
373	401	331
374	396	327
376	401	329
374	391	323
348	402	329
376	391	331
371	391	329
372	399	331
374	397	325
368	393	322
372	391	328
376	400	326
378	396	328
375	393	324
374	399	334
378	393	325
376	397	324
378	397	321
378	397	329
366	395	320
373	392	322
368	395	319
371	391	332
364	397	324
371	387	327
377	401	336
375	396	332
383	403	327
381	402	333
375	407	329
380	403	335
376	403	330
384	407	341
375	402	331
388	404	336
383	400	331
381	400	335
376	402	337
385	402	331
390	411	340
390	412	336
387	404	341
387	407	338
396	407	343
390	414	339
400	415	341
388	414	337
391	416	337
384	415	340
385	418	343
395	409	347
394	413	345
392	412	351
390	415	343
396	412	346
391	427	348
398	417	351
396	417	349
402	411	345
400	428	355
401	424	362
407	427	364
409	421	354
415	424	358
407	424	356
411	426	366
404	430	355
406	432	364
405	434	359
414	431	364
407	435	365
410	432	358
418	434	362
415	437	357
418	433	362
422	440	366
413	439	372
416	437	375
417	441	370
419	448	364
421	442	377
420	446	366
425	437	373
413	438	367
423	432	375
421	439	375
426	438	380
430	439	377
421	441	371
423	443	371
428	444	363
421	445	369
423	446	381
416	450	380
422	439	376
428	447	386
430	450	379
434	445	380
426	452	374
404	449	379
426	449	371
428	440	381
423	444	376
428	439	380
425	445	376
430	440	375
428	449	378
435	446	381
430	447	385
427	449	384
433	444	388
431	447	375
437	448	386
425	458	376
438	449	383
432	457	384
431	453	379
432	451	384
426	450	378
427	449	384
425	450	381
428	444	385
425	452	385
427	452	384
442	460	385
429	458	389
438	458	388
431	450	383
438	460	389
433	459	388
440	460	391
435	461	376
438	457	394
433	458	380
435	451	383
432	457	384
438	449	381
438	454	390
439	462	382
429	457	389
442	453	389
431	462	383
431	457	389
432	457	384
432	452	386
427	455	386
433	458	384
436	452	388
425	457	380
431	449	384
426	457	386
430	452	392
426	456	385
434	453	379
430	457	385
436	458	386
437	453	392
436	459	383
442	458	392
430	458	378
434	459	394
428	457	382
437	455	393
436	460	389
441	448	393
436	460	389
437	447	382
432	450	386
427	453	378
436	447	386
427	458	380
435	452	385
432	458	393
437	455	395
431	460	389
442	456	392
438	464	389
439	458	386
440	457	385
434	459	387
438	462	391
438	461	383
434	456	392
430	459	381
436	446	386
424	457	383
435	454	394
434	461	389
436	457	394
441	457	386
442	455	391
435	464	380
439	463	392
432	459	380
433	461	384
429	457	379
435	456	390
430	460	388
440	448	390
438	457	391
438	449	390
441	453	389
434	456	384
433	461	386
438	454	390
432	459	385
437	459	393
419	462	394
442	453	393
439	460	386
439	462	373
437	456	390
437	461	383
435	458	391
432	460	385
439	453	392
434	458	382
433	453	384
430	456	384
435	458	385
431	459	384
431	448	384
437	448	390
430	457	389
442	448	396
437	457	384
438	449	392
435	455	384
440	451	383
431	454	379
429	453	378
426	455	377
424	449	380
430	447	385
425	450	379
432	452	394
432	460	387
435	458	389
432	458	388
434	451	388
428	457	388
436	454	393
432	455	382
434	450	387
431	458	384
432	451	382
440	456	384
432	452	381
434	451	385
423	453	380
433	450	386
437	453	380
432	461	383
431	451	385
436	456	391
423	451	378
433	456	390
429	452	378
434	443	383
429	451	380
433	450	381
429	455	385
434	448	377
436	449	379
432	451	368
425	447	378
423	452	371
425	441	375
423	447	366
419	445	368
420	449	369
417	445	367
419	436	371
410	436	367
420	434	375
410	437	363
417	438	369
407	442	364
418	436	361
406	441	361
408	430	364
402	413	371
400	426	363
401	415	357
398	427	350
407	421	353
401	431	352
402	417	349
393	428	350
401	415	355
393	422	350
397	410	351
396	412	350
392	405	344
393	415	341
396	412	346
393	410	340
391	413	329
392	409	340
383	403	338
376	398	334
380	400	333
383	395	333
379	395	327
379	398	334
377	388	327
373	393	329
374	392	320
375	388	322
365	393	315
369	382	316
360	386	316
364	379	315
357	387	314
367	382	316
362	382	309
357	385	313
359	378	297
353	385	310
349	379	301
355	375	308
350	377	303
354	371	305
350	375	303
354	372	303
347	376	305
357	365	306
344	373	306
350	367	303
346	367	302
351	372	304
342	360	304
340	377	301
344	360	300
343	371	293
351	369	301
342	370	290
348	362	298
341	371	298
349	365	300
343	368	292
347	364	290
338	371	295
343	366	295
352	367	304
342	371	292
343	359	299
354	374	297
349	367	312
352	374	302
354	371	302
348	378	307
318	372	306
356	371	301
348	375	301
355	371	304
346	378	303
355	374	316
351	371	309
361	381	313
353	382	306
361	375	317
356	386	307
371	383	318
362	381	314
376	391	323
365	396	317
374	388	330
368	400	320
372	389	323
370	396	325
371	389	328
370	401	329
381	389	329
370	400	327
375	394	323
378	369	335
377	399	323
378	394	331
384	401	342
384	411	337
391	410	338
384	413	337
386	413	342
386	420	347
396	411	347
394	406	348
387	413	340
397	411	347
393	420	337
399	415	353
397	424	343
403	414	351
389	426	343
394	423	351
407	431	363
409	420	362
403	434	366
410	431	359
412	431	360
411	425	357
414	438	366
414	439	363
414	435	372
409	433	357
413	431	365
402	434	360
411	427	365
401	434	365
412	429	370
417	438	375
423	439	365
415	448	368
412	445	369
417	437	373
420	442	371
425	442	384
420	445	375
425	445	384
420	444	373
425	439	369
416	448	375
420	444	375
424	446	383
416	445	377
426	445	386
425	458	377
426	447	389
432	456	384
435	447	388
431	453	388
427	447	396
434	451	387
441	449	388
430	458	386
439	456	393
433	463	391
442	457	397
437	454	385
429	451	384
437	451	393
430	453	388
437	454	392
446	460	400
440	464	395
446	458	397
440	474	397
435	461	393
446	461	402
435	467	398
452	463	403
437	464	399
449	457	398
439	465	394
445	458	398
441	468	402
447	458	399
446	462	399
444	464	402
449	467	400
442	473	400
446	469	398
442	469	397
445	461	392
441	466	396
443	466	399
450	460	404
441	471	391
453	465	401
445	475	397
453	468	403
443	469	392
449	469	404
444	473	397
440	460	395
438	471	404
449	464	399
451	468	402
444	473	394
449	471	405
449	477	399
450	467	402
443	477	399
450	467	401
442	471	397
447	464	401
442	467	403
452	471	407
451	477	402
451	467	398
442	467	400
450	473	398
449	471	405
458	467	402
461	475	406
453	476	397
454	477	406
448	471	398
455	470	408
450	479	404
456	467	405
423	470	402
451	467	402
452	475	405
454	468	407
446	471	402
448	471	402
452	473	402
445	479	405
449	467	411
451	476	403
456	473	409
452	477	398
449	474	402
445	482	404
456	477	408
453	482	406
449	471	403
447	481	409
456	472	406
448	477	407
452	478	398
460	470	403
449	477	412
460	476	413
456	477	409
461	473	401
458	473	411
449	475	404
448	473	411
447	472	404
455	470	408
451	485	410
458	476	409
458	475	405
458	475	408
455	482	401
462	473	405
455	484	406
457	476	405
454	477	411
454	477	415
462	481	410
454	480	408
458	480	415
458	476	405
456	473	408
439	480	403
459	479	413
452	478	409
450	473	409
449	473	399
459	475	409
450	481	403
450	467	401
454	478	401
454	478	407
455	479	406
453	480	403
452	483	407
448	470	405
445	471	403
455	465	404
446	470	399
452	467	404
452	475	409
449	466	403
459	477	408
450	467	399
449	468	404
450	477	398
451	469	395
442	467	392
452	468	395
441	475	396
445	463	392
439	468	399
440	463	391
442	457	397
440	466	393
441	465	396
442	466	395
450	458	404
442	470	397
450	460	398
444	466	398
448	461	394
440	461	399
439	468	387
445	459	394
441	474	393
442	462	401
435	463	395
449	462	400
442	468	395
449	458	397
437	459	394
443	462	398
444	467	400
440	466	389
441	465	399
439	465	391
443	458	396
439	466	384
441	458	391
433	461	383
435	460	395
431	462	389
441	453	390
430	460	385
441	454	387
424	457	376
433	452	381
427	458	389
429	452	381
430	458	387
434	455	387
429	453	387
424	455	376
425	444	385
422	451	376
428	441	379
418	447	373
420	440	380
416	446	370
422	438	375
419	439	370
425	432	371
415	438	368
415	433	365
416	434	375
415	433	367
421	425	368
413	436	361
415	427	357
407	429	364
411	432	364
413	422	357
410	428	346
409	430	354
398	427	350
403	419	352
389	418	347
399	417	349
394	421	349
396	412	354
395	415	348
390	412	349
394	412	348
383	411	333
385	408	339
388	411	327
377	407	337
379	406	330
382	406	336
382	402	319
380	396	331
373	402	323
380	398	324
371	401	322
371	395	330
362	394	319
372	379	323
366	394	322
370	388	328
364	392	325
365	386	321
357	385	303
360	381	322
358	385	304
366	386	318
356	381	308
359	375	309
354	385	307
359	376	316
352	380	318
355	372	307
362	381	316
359	382	315
362	379	309
357	376	302
353	377	313
352	377	300
350	376	309
352	375	300
358	372	305
354	380	302
357	372	315
356	375	303
361	376	304
356	382	299
354	375	312
353	381	309
358	374	308
355	376	303
354	371	307
346	372	305
