342	350	317
345	354	315
339	355	316
343	351	318
341	353	315
337	355	316
341	349	318
338	357	315
346	346	319
334	351	310
340	353	310
339	350	316
338	355	311
343	351	313
338	352	310
332	356	313
330	341	307
333	344	305
324	346	303
327	340	304
325	336	302
324	342	300
324	331	302
321	334	297
321	332	293
319	331	297
316	332	289
318	330	292
314	326	289
310	329	287
314	323	292
310	327	289
313	331	289
318	316	297
317	335	294
317	332	295
320	334	299
320	338	298
327	340	304
327	343	304
331	345	307
332	342	310
333	347	307
336	354	317
345	355	317
342	362	320
350	363	329
359	369	335
391	415	380
401	418	390
407	428	392
425	429	396
416	437	401
428	447	410
438	451	422
434	463	429
455	472	441
461	476	447
467	485	447
479	492	463
481	496	466
496	508	478
500	514	485
506	526	491
572	594	562
589	602	571
599	615	577
608	621	589
613	630	598
630	641	613
638	654	622
642	660	624
655	671	639
666	682	654
670	691	661
690	701	672
702	710	679
709	722	689
717	727	700
726	745	708
767	770	764
770	767	775
772	767	779
770	767	777
775	770	779
769	769	780
779	767	778
774	765	777
770	767	778
773	767	779
774	767	779
772	768	775
774	761	776
771	766	779
771	767	775
773	766	780
775	769	778
773	770	780
771	764	779
774	767	780
773	767	778
774	767	782
774	767	779
769	771	779
770	768	780
775	766	778
773	770	780
771	769	780
770	767	779
779	767	779
771	767	781
767	770	785
769	768	776
773	770	782
773	767	778
773	767	779
777	765	779
770	767	777
769	767	781
776	766	777
770	767	778
771	769	780
771	766	780
770	767	780
772	767	780
771	764	780
772	765	778
775	769	780
771	769	780
773	766	781
770	767	779
772	769	775
771	767	779
773	765	778
772	771	778
773	764	779
771	765	780
767	767	776
773	769	778
773	767	775
772	767	777
772	766	783
767	769	777
772	769	780
772	767	779
773	769	776
773	765	782
773	768	778
774	767	778
774	765	782
771	767	770
771	769	762
776	763	757
771	766	750
772	770	746
769	763	738
760	767	734
759	767	732
753	762	728
743	761	718
721	729	696
719	730	691
719	729	690
718	725	691
707	728	683
708	719	687
709	716	680
699	721	679
707	710	677
693	711	670
696	709	673
693	702	669
685	705	663
694	703	663
687	699	663
679	701	657
664	678	639
665	679	644
662	675	639
663	675	630
659	666	632
650	665	633
651	664	623
654	666	629
652	662	621
643	663	620
647	654	623
636	651	613
642	654	619
639	644	612
632	648	606
637	643	608
621	623	594
612	626	585
609	627	586
607	616	588
605	622	576
602	615	575
597	614	575
598	609	571
600	611	572
595	605	569
588	604	564
594	595	561
585	596	559
582	600	556
583	594	556
580	597	558
558	576	542
563	568	536
559	569	532
558	571	530
555	562	526
551	570	525
552	564	524
547	562	526
541	557	517
546	552	519
533	552	511
540	549	510
535	541	509
537	550	507
532	548	505
530	539	508
507	525	487
513	525	488
510	520	481
505	521	479
506	515	484
503	516	474
502	513	478
496	513	470
497	513	470
496	507	472
491	506	466
490	505	469
486	498	463
482	496	458
484	493	461
479	496	454
466	475	446
460	477	441
460	475	437
462	472	437
455	473	435
458	472	434
455	467	432
455	471	430
456	464	427
452	462	418
445	462	423
444	451	422
441	456	415
444	451	416
442	452	410
434	444	412
423	434	403
419	434	394
420	435	394
421	434	401
418	432	396
422	426	388
412	426	387
412	425	387
413	422	389
409	423	384
411	421	385
409	418	383
401	419	372
403	415	376
399	411	364
397	412	372
389	393	361
383	397	358
382	399	365
382	395	357
378	396	356
383	387	354
370	385	349
370	390	348
374	386	352
368	385	347
370	382	342
370	378	342
363	379	339
361	375	338
362	378	337
361	374	332
349	360	327
346	364	325
348	354	325
343	356	316
339	357	319
342	351	319
338	356	310
337	351	316
336	351	315
332	350	307
333	344	311
327	344	304
327	345	303
327	335	304
325	343	303
333	342	302
320	329	295
310	325	282
314	328	289
311	321	286
306	327	283
309	323	285
305	320	281
304	322	282
306	314	284
301	312	277
302	312	275
297	311	273
293	316	270
296	310	273
291	308	266
291	309	267
285	295	258
286	291	259
283	296	252
286	297	257
275	293	255
278	294	253
277	289	253
274	290	252
277	288	256
269	283	249
270	285	245
268	279	245
272	282	243
266	281	239
270	284	244
269	285	241
253	268	239
258	269	237
253	269	231
260	266	231
252	269	226
253	269	226
256	263	233
251	270	229
250	267	223
248	260	228
247	258	222
245	264	224
250	255	224
245	261	222
246	255	220
242	258	215
237	254	215
239	251	213
235	246	211
233	252	208
238	248	213
235	246	209
233	247	209
232	241	210
232	248	209
228	247	202
231	244	212
224	238	203
225	242	203
226	237	206
220	241	207
226	242	209
225	240	202
221	236	199
221	234	194
218	232	200
217	233	190
220	233	197
216	229	197
214	235	187
217	229	191
215	226	195
212	228	189
213	228	193
216	223	193
212	231	188
213	217	185
216	221	190
212	224	188
211	226	187
210	219	185
205	219	181
206	221	182
209	213	182
209	222	184
208	218	185
206	216	182
200	213	179
202	218	180
207	214	178
201	216	177
207	215	180
206	215	172
195	219	174
199	212	177
204	212	175
199	210	177
198	213	170
202	207	175
195	209	175
193	214	169
198	208	176
197	210	171
190	212	172
199	204	168
192	208	170
193	208	170
195	205	175
190	207	168
193	206	165
192	202	167
189	204	167
188	206	164
193	203	167
193	204	165
188	202	167
190	205	162
190	201	170
185	207	170
193	207	166
185	201	166
189	206	162
189	206	167
188	197	168
185	201	161
189	189	161
182	197	163
191	200	162
186	202	162
192	199	163
187	200	164
183	200	155
182	199	163
188	201	163
181	195	162
183	200	159
185	198	164
179	202	159
187	200	162
182	200	165
177	198	158
183	201	156
185	195	160
185	193	159
179	200	158
188	189	155
186	195	165
179	201	157
187	197	166
185	195	158
178	195	158
184	198	158
186	194	159
182	199	152
189	196	158
188	198	158
182	195	158
183	195	159
186	196	159
180	203	156
188	202	167
184	198	163
185	199	161
183	200	159
184	197	160
182	204	157
188	201	165
189	199	163
183	197	159
186	198	162
187	196	165
183	202	161
183	198	164
185	198	160
187	205	165
189	197	166
184	201	158
184	202	164
189	198	166
181	204	164
192	202	162
193	200	163
184	200	160
187	201	161
192	201	162
185	204	166
194	200	161
187	198	167
184	202	164
193	200	163
188	204	159
188	205	162
193	201	168
191	203	166
188	205	162
192	200	164
190	198	170
186	206	168
191	204	171
187	199	162
191	204	164
192	202	165
192	209	169
187	205	164
192	199	169
189	202	164
187	206	168
193	204	168
186	207	173
191	209	165
194	204	174
193	204	166
187	207	166
196	205	169
197	203	171
189	210	170
199	205	169
189	206	163
191	211	169
193	207	173
196	207	173
193	210	169
199	209	174
194	207	175
194	213	172
195	212	175
199	209	173
195	216	171
193	209	175
198	212	173
193	215	172
201	211	176
203	211	179
197	212	174
197	216	173
201	210	180
192	212	174
204	215	175
208	218	181
201	217	181
206	220	182
205	217	185
206	225	183
206	224	184
207	222	188
205	221	184
204	222	182
206	220	185
205	223	190
206	222	185
210	222	187
203	223	182
211	224	185
207	224	188
220	225	190
213	232	186
211	214	194
214	227	190
214	229	192
221	228	194
216	229	197
212	230	190
218	232	192
216	231	198
213	234	197
219	228	195
212	233	197
214	234	193
216	234	198
219	232	197
224	241	201
219	241	195
224	233	200
219	239	199
223	238	202
225	240	204
224	238	203
225	241	197
230	238	207
229	234	202
226	241	202
228	236	210
225	236	199
227	242	202
225	238	207
231	237	205
228	245	210
233	245	212
228	244	207
230	252	205
233	244	211
231	246	207
235	251	212
233	243	213
231	246	211
230	248	210
236	247	212
231	250	213
239	249	213
238	245	213
233	246	210
236	239	211
245	254	217
241	255	216
239	250	216
245	254	223
243	255	218
243	256	223
239	257	217
237	259	222
240	254	221
243	263	222
242	261	221
242	255	223
243	255	220
239	261	223
249	258	223
245	264	219
245	263	226
247	262	228
249	265	225
250	261	226
253	262	227
247	268	227
254	263	230
250	267	223
243	265	225
252	265	231
250	270	227
249	269	226
253	261	229
249	260	225
249	266	225
255	263	226
259	268	231
258	269	235
257	267	233
250	269	231
254	267	233
251	265	231
252	271	228
255	266	233
255	266	229
253	270	230
258	266	237
249	267	228
253	268	228
254	267	232
249	273	229
259	269	236
262	271	235
253	269	231
254	273	231
260	273	236
257	270	233
257	277	235
256	267	237
258	273	233
255	272	237
261	266	237
254	277	232
260	272	239
252	271	234
254	275	237
262	267	237
255	278	236
259	274	235
264	275	242
261	273	241
264	277	239
267	271	235
267	275	238
262	280	239
267	279	245
257	276	240
260	279	240
263	272	240
262	277	238
269	280	248
268	275	242
266	282	237
271	274	246
266	281	241
264	281	248
270	281	248
265	288	240
272	286	248
268	279	248
272	286	245
272	280	252
267	281	239
270	289	243
269	284	248
273	287	250
273	285	246
274	284	252
270	286	248
272	286	254
277	289	248
274	290	250
279	292	254
278	289	254
275	288	253
281	290	255
276	291	252
278	291	260
281	289	252
277	295	255
277	287	255
279	290	254
275	293	250
282	296	255
278	291	255
281	292	254
276	295	258
281	298	257
283	299	258
285	296	264
282	300	261
289	295	261
284	294	260
282	298	257
286	296	263
286	300	261
284	300	256
285	294	260
284	300	257
288	302	264
287	302	260
287	302	262
291	302	265
284	305	268
287	306	266
290	300	267
294	306	270
290	306	272
290	302	266
288	301	266
291	305	271
293	308	270
293	307	267
296	306	271
292	303	265
290	301	267
291	308	268
288	308	268
300	313	273
297	314	273
301	312	277
300	313	276
295	317	275
297	309	278
297	313	276
300	312	275
300	311	276
300	318	274
302	315	277
300	316	278
299	316	279
306	313	279
302	312	277
306	313	281
309	321	281
305	322	278
304	322	286
308	325	286
304	321	282
307	318	287
305	322	279
307	324	287
309	325	289
306	322	284
307	321	289
306	322	286
308	322	281
311	321	287
308	321	285
313	322	288
315	331	291
311	328	290
317	329	287
309	328	286
313	328	291
313	323	294
314	328	288
319	327	294
315	328	291
316	332	290
320	330	294
314	328	290
316	332	292
316	334	292
319	330	287
316	326	291
323	335	300
322	332	292
324	332	294
314	335	292
318	333	301
319	329	300
320	338	298
323	332	300
315	334	293
323	337	298
324	334	300
316	339	294
322	338	297
322	336	301
322	339	298
322	330	298
326	341	300
324	335	308
325	337	301
327	338	299
328	339	303
320	339	296
325	345	309
330	338	306
322	342	301
331	338	310
326	341	304
334	346	307
329	338	302
324	344	299
330	342	306
326	341	302
329	342	309
331	344	297
330	347	305
333	348	312
337	348	309
338	345	309
336	344	312
332	351	313
337	343	310
330	346	307
335	346	309
339	341	311
329	349	298
336	346	314
337	346	312
333	348	311
337	347	316
335	351	313
333	352	312
337	347	321
338	354	316
341	351	314
342	352	310
341	359	313
344	353	317
336	359	315
342	353	316
341	353	314
340	355	312
342	350	316
336	352	313
339	356	316
347	362	316
345	359	318
345	355	322
340	362	316
351	357	321
349	359	323
343	359	318
348	357	323
345	359	318
341	357	321
346	354	324
344	360	320
344	359	326
342	356	318
346	347	321
348	357	329
352	367	326
352	360	325
349	361	326
352	368	328
352	366	328
348	362	322
349	358	325
352	364	330
349	364	328
350	364	331
352	364	327
355	365	331
349	360	328
346	368	329
347	359	329
344	363	327
351	366	328
357	370	331
357	364	331
358	369	327
356	368	336
349	370	330
354	369	331
356	368	339
353	368	336
355	371	329
357	366	334
354	368	331
358	366	334
356	366	332
354	374	328
355	370	331
365	372	339
356	370	335
356	375	336
360	371	336
360	376	334
362	377	336
358	369	338
358	376	332
365	378	341
361	376	339
360	377	333
363	373	338
359	377	333
362	370	334
360	373	340
360	378	337
366	376	341
366	381	336
365	380	344
367	376	344
362	378	343
360	380	340
367	378	347
366	378	339
370	381	345
367	379	347
367	386	343
369	377	346
360	376	337
365	381	342
366	379	345
365	385	342
367	380	345
368	386	345
371	388	347
371	378	351
371	383	344
372	386	351
371	386	348
366	388	346
370	383	351
367	382	348
370	385	345
372	380	348
370	383	343
372	386	349
373	384	348
370	387	349
377	387	355
372	386	346
371	389	348
374	387	351
376	385	352
375	386	347
376	385	355
372	392	349
372	383	349
364	383	347
374	389	349
377	391	352
377	390	348
370	389	350
373	388	352
373	391	349
373	389	352
376	389	356
369	390	348
381	388	355
378	390	352
375	395	350
375	378	353
376	390	356
380	388	351
376	385	354
373	393	348
379	388	350
374	390	355
374	391	352
381	389	356
376	393	351
377	384	358
379	387	358
375	393	354
381	389	358
375	391	350
376	394	357
382	390	353
383	396	356
382	391	353
378	392	356
375	395	356
375	391	353
375	388	353
377	395	352
382	396	357
377	391	349
380	391	358
379	392	358
375	394	357
376	391	358
379	390	355
376	393	351
379	394	357
375	391	355
376	391	352
379	390	353
377	396	354
383	391	354
378	392	354
374	397	352
379	391	359
378	390	353
375	389	356
379	387	354
376	392	349
377	396	361
377	388	357
373	392	351
381	388	357
373	389	350
377	395	351
374	390	355
375	392	355
377	390	358
382	388	350
374	391	350
375	394	354
378	396	356
377	392	352
377	394	354
375	392	355
373	390	355
380	387	351
371	389	351
374	389	350
377	387	353
374	385	351
374	386	348
375	387	351
373	393	349
377	388	348
374	391	354
375	393	351
375	385	353
376	391	348
378	382	355
368	383	346
374	388	350
372	381	351
375	387	351
377	387	346
374	387	352
371	384	347
370	385	343
371	386	350
372	390	349
370	384	353
374	390	345
369	379	348
369	383	348
375	387	348
375	382	347
370	379	347
372	389	345
371	389	352
372	383	343
371	387	347
369	382	348
370	388	346
373	387	348
371	382	347
367	390	347
372	382	352
368	381	346
368	376	345
367	383	347
373	383	344
374	384	352
370	386	347
374	384	348
367	381	345
370	382	342
366	385	343
372	382	348
367	383	344
371	382	350
370	381	349
371	384	345
372	383	346
365	381	340
366	383	347
372	379	350
370	382	343
367	388	349
375	380	344
369	385	344
367	386	343
372	385	349
372	388	350
373	385	350
364	379	346
367	385	345
372	381	350
372	388	348
372	383	353
374	381	348
365	383	340
371	382	346
370	382	344
371	385	345
372	368	349
368	387	347
372	388	349
373	384	352
368	386	348
371	380	349
368	383	346
371	385	343
373	381	343
374	388	349
375	386	347
372	380	339
364	387	342
372	381	348
376	384	346
367	387	344
370	381	349
367	386	343
375	385	354
368	382	343
369	388	348
373	380	349
367	382	340
371	387	352
375	383	348
367	385	341
373	379	348
364	383	342
370	385	347
368	380	350
368	383	345
369	384	345
372	383	350
368	383	346
373	389	347
371	383	351
365	385	342
374	388	353
369	381	348
370	388	346
371	382	349
369	380	344
366	382	340
370	380	350
365	385	347
369	380	347
375	383	351
369	383	342
374	385	343
369	386	351
364	386	347
376	387	355
372	381	349
368	386	345
376	383	351
365	385	348
373	384	351
373	383	346
366	388	341
370	384	348
370	387	346
373	381	345
377	385	343
368	385	346
372	388	352
374	388	350
369	387	349
375	385	350
368	382	349
369	384	346
373	382	346
366	386	342
370	388	351
373	385	350
368	387	347
370	381	345
371	390	341
370	386	346
373	386	344
370	386	344
372	384	350
371	385	348
370	387	348
371	382	350
366	388	342
375	388	351
374	382	347
368	389	347
374	380	351
364	381	343
368	382	345
377	378	351
367	387	341
376	387	350
373	381	350
369	384	342
371	388	350
370	383	350
369	390	344
376	387	350
372	383	348
372	391	348
376	383	349
369	383	347
372	385	350
374	380	349
366	384	345
371	388	352
368	386	341
367	391	347
373	382	349
374	386	354
368	386	350
378	387	351
378	388	353
371	390	351
375	385	354
372	388	349
376	389	355
373	383	349
373	389	352
377	386	353
372	387	348
374	391	350
373	387	350
372	388	343
373	386	350
371	393	353
375	392	352
376	388	353
370	387	349
375	391	350
375	388	353
373	389	349
376	386	355
377	385	353
372	388	350
374	386	350
373	388	348
376	387	355
374	383	354
372	389	352
379	384	355
373	391	350
380	388	354
378	388	355
374	392	347
374	389	354
373	391	352
377	389	353
378	386	354
374	393	351
376	385	353
369	387	350
377	393	350
374	384	354
372	390	351
379	390	353
378	389	352
374	387	352
377	390	350
380	384	354
373	392	349
376	393	358
376	387	353
374	391	353
376	383	354
372	387	355
372	387	346
375	382	350
380	394	354
375	392	354
374	387	353
369	387	348
376	393	353
376	386	354
379	396	355
372	390	355
380	384	356
374	390	351
375	391	349
377	385	352
372	389	350
378	385	352
370	385	348
374	391	354
378	387	356
377	390	347
380	392	354
380	391	355
378	395	359
377	390	354
372	395	355
378	387	357
372	386	354
375	393	353
379	391	354
376	396	352
379	394	354
379	388	357
371	388	350
376	387	354
377	388	357
377	390	352
378	389	353
377	392	353
373	394	355
381	392	354
378	396	354
380	390	357
375	392	353
375	396	354
383	391	355
377	391	354
379	394	357
376	389	356
373	393	353
381	394	360
380	392	359
378	393	357
382	387	358
379	393	353
377	391	362
378	394	354
378	394	355
380	388	356
377	396	356
384	392	360
380	393	358
377	396	356
387	388	353
374	393	354
377	397	355
381	393	357
381	397	356
383	393	357
384	391	357
381	398	353
381	393	355
382	399	357
383	393	357
381	394	356
385	393	362
382	392	351
379	395	356
381	392	361
379	395	355
386	393	356
380	395	355
378	394	350
381	384	354
375	399	359
382	399	362
383	393	359
379	397	364
388	399	358
382	394	355
383	394	356
386	396	357
378	399	355
383	395	364
385	395	359
379	399	355
385	393	362
379	397	356
381	400	358
385	392	361
380	399	359
381	396	363
380	395	355
377	399	361
388	393	363
384	397	361
380	397	359
384	393	365
382	397	357
383	401	364
378	394	359
383	400	363
386	394	362
382	396	356
384	395	361
383	396	363
383	398	355
383	393	360
378	396	361
382	398	361
388	397	362
381	401	358
384	399	363
386	397	366
383	398	360
386	396	366
386	393	356
381	399	361
388	397	364
384	399	359
390	402	364
383	395	363
383	400	362
383	391	361
377	399	358
383	397	360
386	398	361
383	399	359
384	397	356
383	395	361
377	397	358
387	395	360
383	396	361
382	398	355
386	395	365
380	395	355
380	396	358
385	390	359
380	394	357
382	396	359
385	395	358
376	394	356
382	395	360
376	390	356
379	393	353
383	387	356
378	398	351
377	393	358
377	392	357
375	394	351
381	390	353
373	387	350
374	393	352
379	389	357
375	390	356
377	394	352
378	390	353
376	389	348
376	384	354
368	383	347
375	385	347
374	383	350
372	387	348
370	385	347
375	385	351
367	384	346
374	384	351
371	386	343
366	386	344
369	383	350
365	385	342
366	381	342
364	378	340
365	381	342
369	380	344
369	378	343
363	383	340
365	375	344
363	377	339
364	379	338
367	375	344
358	378	340
366	377	346
365	373	343
363	378	339
370	372	343
357	373	334
357	376	338
362	371	338
364	377	338
359	377	332
361	368	332
357	376	341
355	373	335
363	374	339
359	371	340
362	377	333
362	370	336
357	373	331
359	373	334
359	371	337
356	376	333
358	374	336
354	379	334
360	371	336
361	372	337
364	370	330
345	370	338
354	373	335
361	373	337
362	369	336
356	372	332
361	373	338
359	373	334
359	370	333
361	371	334
356	372	328
356	374	336
353	376	330
358	370	332
354	369	335
360	374	333
360	371	339
357	369	335
357	371	331
363	377	333
360	373	332
355	368	335
355	369	334
353	371	336
360	368	334
358	372	333
358	372	333
356	368	339
357	375	336
362	372	337
355	371	330
357	373	334
358	372	340
358	372	338
358	372	336
362	370	338
358	371	331
361	377	331
358	371	337
353	372	331
361	375	340
359	371	341
361	373	336
361	372	337
357	374	336
360	371	337
364	376	336
361	379	337
359	376	338
364	370	335
360	372	335
358	374	329
363	371	335
356	373	336
362	368	337
357	373	335
360	373	337
360	371	340
357	376	337
361	371	337
358	377	337
360	375	336
364	371	335
358	374	336
363	371	338
357	373	335
357	378	333
358	374	336
358	370	339
360	373	336
360	370	338
359	368	336
357	367	334
348	368	339
358	371	333
361	375	337
359	375	336
365	370	334
355	372	332
357	375	331
361	371	338
359	371	333
358	376	335
360	368	340
360	375	333
366	366	337
358	371	337
357	374	332
358	373	338
361	378	337
364	376	341
361	374	340
358	372	335
357	368	332
357	373	339
351	376	331
361	377	340
359	373	337
358	371	334
360	372	334
358	373	338
359	372	333
360	367	338
358	377	339
364	375	333
361	370	335
357	379	334
361	371	340
361	376	336
363	376	340
362	374	339
358	374	339
360	378	336
366	369	339
361	376	336
358	375	334
359	375	339
359	376	339
360	369	340
355	371	334
363	373	336
363	368	338
357	373	334
363	377	343
365	372	340
361	376	340
365	371	340
362	377	334
367	371	341
358	377	340
359	377	335
364	374	342
366	379	340
362	379	334
363	373	338
356	377	335
361	372	338
363	372	342
356	375	335
362	370	337
357	378	336
360	370	335
356	371	330
362	379	344
358	373	339
364	375	336
362	377	339
363	373	336
363	378	334
361	376	341
362	377	339
357	377	341
360	373	341
358	375	338
364	379	344
365	375	341
364	374	337
361	371	339
362	377	335
359	377	337
366	373	338
362	379	335
365	378	342
361	373	338
363	381	340
367	370	341
359	371	332
363	380	335
364	372	338
362	378	335
365	374	339
357	378	335
359	378	336
362	372	340
363	375	334
363	381	336
363	376	346
365	378	341
362	379	338
362	377	341
363	380	338
363	377	347
369	373	340
365	377	338
365	373	344
366	374	337
362	378	342
366	377	341
359	376	338
363	375	343
366	381	343
361	373	346
364	382	343
371	380	343
367	378	347
368	379	342
366	381	346
372	382	343
362	382	341
373	381	348
368	381	344
369	385	345
371	376	343
364	383	342
370	383	349
366	379	346
368	382	342
372	383	351
372	385	345
378	383	344
367	384	349
371	386	349
372	386	353
369	387	351
373	387	347
374	384	350
373	386	344
373	386	344
376	385	349
373	389	346
377	390	350
373	390	345
371	385	350
373	387	352
375	389	352
375	395	352
377	392	357
380	389	357
381	390	353
381	391	357
376	390	349
374	395	359
380	391	361
373	393	352
377	387	361
377	390	353
378	391	354
378	389	356
375	395	356
383	391	359
385	398	357
382	398	358
383	393	363
383	394	353
385	399	357
382	396	361
381	399	356
387	399	366
388	392	361
380	399	356
385	393	359
382	398	357
381	396	355
382	393	365
384	402	361
379	398	363
389	396	362
381	403	361
386	393	367
381	394	357
384	399	356
389	397	364
386	399	363
386	402	365
385	395	358
385	400	361
386	395	364
388	400	364
388	397	365
388	396	362
384	400	363
382	395	359
380	399	359
380	394	361
386	395	361
382	402	355
385	399	362
384	398	361
382	397	359
382	395	368
377	392	353
379	397	360
384	389	357
376	397	357
384	396	363
384	393	357
381	393	355
378	389	354
379	394	359
378	392	351
382	391	358
384	392	355
378	395	353
379	392	359
378	391	354
373	393	356
380	388	355
377	392	356
383	386	356
373	389	347
377	393	354
378	385	354
373	392	348
374	385	354
374	392	354
380	390	357
380	386	355
376	389	352
378	388	353
377	387	353
372	394	351
375	393	353
377	388	352
374	390	349
379	387	355
376	386	348
377	384	355
375	378	351
380	392	352
372	384	354
375	389	349
379	390	356
378	386	352
374	392	350
379	388	354
373	385	351
374	387	356
377	387	352
376	389	349
376	384	355
370	386	349
371	390	351
376	390	350
372	391	353
379	390	357
374	386	354
374	389	351
372	389	351
378	384	355
371	391	350
378	389	352
378	387	353
376	393	352
380	386	358
371	390	351
373	387	348
374	385	351
374	393	352
382	392	356
378	389	353
374	390	350
375	394	349
377	385	355
376	389	348
383	390	354
379	387	353
373	389	354
381	383	351
379	386	353
373	390	350
375	392	355
375	392	355
373	384	355
369	386	352
373	390	353
377	376	357
380	390	354
379	393	350
378	396	355
379	391	356
375	395	355
378	389	356
380	392	356
374	395	351
380	390	355
374	390	352
375	393	351
379	390	359
375	393	351
382	389	356
378	391	359
377	395	354
378	386	356
381	396	354
378	393	356
382	393	353
377	394	349
382	394	359
379	390	359
380	396	354
379	389	357
377	389	349
376	390	355
382	392	360
377	393	353
377	389	359
375	392	354
375	393	354
383	387	353
380	395	354
375	395	353
379	389	356
374	398	354
374	389	355
377	388	353
376	392	354
381	389	356
378	393	352
373	391	352
379	389	357
374	388	350
375	390	352
375	391	355
372	388	346
376	380	351
375	391	354
370	392	352
381	383	350
371	385	349
373	392	348
374	387	351
374	383	348
372	388	344
377	388	354
370	385	346
371	386	344
371	386	348
368	389	348
375	384	350
370	385	346
374	383	348
374	380	348
368	383	346
371	381	341
373	381	348
356	387	341
370	384	347
362	380	346
367	385	347
374	371	346
369	386	345
372	384	348
370	378	345
366	384	343
369	377	347
364	377	339
365	382	341
371	382	342
366	384	339
368	378	342
366	387	347
367	383	344
371	378	343
365	380	339
366	381	342
366	377	341
362	382	339
370	382	344
366	377	339
364	382	345
369	374	342
361	378	337
365	376	344
368	378	341
362	384	346
368	379	346
361	380	343
371	377	337
363	379	340
364	377	337
364	369	344
367	385	344
370	382	341
364	375	344
364	385	341
370	376	343
357	375	341
363	380	341
369	371	341
356	382	345
365	380	339
367	375	346
363	374	338
362	377	340
368	377	342
361	377	337
364	381	340
366	375	341
360	379	341
360	371	341
360	374	335
364	377	342
364	379	337
361	373	337
365	373	343
356	373	338
357	380	335
355	361	339
358	372	336
362	375	336
364	374	338
356	369	330
356	372	329
356	372	334
358	373	332
357	370	336
358	374	335
357	371	333
358	366	335
356	366	331
356	368	327
357	369	323
350	368	329
352	362	329
351	367	330
358	368	331
359	367	330
350	368	325
355	366	330
349	365	332
353	365	331
352	361	329
351	367	326
354	360	330
345	362	322
349	362	326
348	360	329
352	369	326
351	366	325
347	364	332
346	364	325
354	363	330
346	363	321
350	365	324
353	364	328
347	363	321
354	368	325
352	367	327
350	363	322
351	361	328
344	363	321
344	361	323
347	361	329
349	368	321
350	365	331
349	362	326
350	364	322
353	361	326
348	361	326
345	363	328
352	364	331
352	363	325
347	357	323
352	361	325
349	367	325
350	355	328
348	367	328
349	366	327
348	363	327
355	365	331
352	371	323
352	355	330
349	366	332
352	367	327
354	361	330
348	367	323
354	357	325
352	361	326
348	369	328
356	351	328
353	369	331
356	366	329
351	367	330
352	373	329
358	362	330
359	376	327
356	370	330
357	367	329
351	371	331
361	369	336
358	369	332
357	372	332
360	365	332
350	373	330
354	371	335
353	367	337
353	374	334
364	367	333
354	370	334
356	371	332
357	367	332
359	375	331
358	375	338
360	370	336
356	376	336
365	370	339
357	373	334
357	377	337
357	367	336
360	374	333
361	376	337
361	372	339
360	376	335
359	372	338
357	373	336
358	375	341
362	371	338
361	375	337
363	372	339
363	371	336
361	377	335
366	371	341
358	373	329
358	377	334
364	371	337
364	378	336
363	371	336
358	371	339
359	376	334
358	375	338
360	380	339
363	374	341
358	371	342
357	377	338
360	373	341
359	375	336
359	373	341
355	374	341
362	376	338
364	374	337
363	380	340
361	376	336
366	374	340
358	378	332
359	369	332
359	372	333
360	378	342
363	376	338
361	375	334
361	374	340
363	381	337
364	381	340
365	375	340
361	376	334
364	378	339
368	380	341
364	377	334
362	375	342
361	376	339
359	372	340
354	375	342
360	376	339
362	376	343
359	379	339
361	376	339
366	374	341
363	375	336
359	381	337
366	374	341
363	382	340
364	377	348
367	372	342
361	381	338
365	375	337
359	375	337
360	381	336
367	376	341
361	378	337
366	376	342
360	377	336
364	379	338
363	374	345
362	374	336
363	381	335
364	380	343
364	380	336
360	373	341
356	374	339
360	376	337
361	364	344
366	379	341
364	379	337
365	375	338
362	380	340
365	374	346
362	375	334
359	378	341
365	377	340
361	383	340
363	380	346
367	373	342
365	380	339
365	377	340
362	376	335
366	381	339
365	373	338
360	378	336
368	381	342
363	377	335
362	372	338
360	376	338
364	381	339
364	371	342
334	380	341
368	380	346
364	377	346
367	379	340
364	380	345
358	377	341
365	380	340
368	375	343
361	378	337
367	380	345
365	374	341
364	381	342
370	374	343
361	377	333
359	376	338
364	374	341
366	382	338
370	378	342
370	377	344
365	383	343
364	376	345
367	375	342
366	382	338
367	379	344
368	382	344
367	380	341
361	375	342
363	380	342
367	377	343
365	378	343
363	381	337
370	377	344
372	380	347
368	376	341
366	382	338
365	378	344
365	383	340
372	375	345
365	379	339
364	381	338
365	376	339
360	380	335
364	384	342
366	379	344
365	380	343
367	377	346
361	381	339
365	383	342
371	379	340
368	382	341
373	380	345
365	387	347
368	382	345
369	380	347
366	377	339
370	384	345
369	379	342
364	385	337
366	380	346
370	381	346
366	383	343
366	376	345
365	380	340
369	383	345
368	378	342
369	383	346
374	384	350
368	387	341
367	382	348
366	380	344
367	385	347
373	383	347
372	385	346
374	385	353
374	380	349
364	382	348
373	380	346
368	382	342
366	381	342
373	379	350
376	383	351
374	383	347
370	385	345
371	380	349
368	387	346
375	382	345
375	383	350
369	390	349
370	381	348
368	382	345
372	387	338
369	379	347
373	388	347
376	383	348
367	382	345
370	385	348
368	382	345
373	386	350
365	388	342
375	386	354
371	384	348
371	391	347
372	381	347
366	391	348
377	386	353
373	382	350
369	389	348
374	381	349
370	381	341
370	382	343
375	382	350
370	384	347
370	388	350
373	386	353
369	387	348
373	380	349
365	387	346
371	386	346
368	380	347
368	389	346
373	386	354
376	382	348
369	384	344
375	377	349
367	385	343
372	386	346
368	380	348
366	383	342
372	382	349
371	385	346
369	385	348
374	382	350
369	386	343
371	388	348
372	391	348
372	385	347
369	380	347
369	384	343
370	377	349
362	381	338
365	382	342
371	369	349
374	382	344
370	385	346
374	380	351
368	383	340
367	383	342
370	380	347
363	382	343
371	385	348
367	379	347
366	382	343
368	380	342
365	382	346
363	381	337
369	381	345
363	382	339
367	378	342
361	376	341
362	380	340
364	375	341
366	376	340
360	381	339
367	378	344
368	376	341
365	377	338
365	375	341
363	383	337
365	377	341
362	377	342
363	379	341
363	373	342
360	377	335
362	380	340
365	376	340
359	380	335
361	371	339
358	375	335
367	373	338
362	374	342
360	380	337
366	371	336
355	374	342
356	372	333
358	378	340
362	375	341
364	376	339
359	374	341
357	373	332
360	360	339
360	376	338
365	374	340
363	368	329
361	374	342
360	371	335
358	370	333
355	375	337
361	370	337
356	371	328
360	373	334
362	373	334
359	375	335
363	369	332
353	372	329
354	373	332
359	372	332
354	376	333
357	373	335
358	370	333
357	376	333
362	369	338
352	368	331
356	372	335
361	366	336
357	371	332
363	371	333
358	374	335
354	374	329
361	369	337
355	376	336
362	374	338
361	372	333
357	376	333
362	368	332
359	370	340
358	370	329
359	375	339
357	370	337
360	372	336
360	367	341
358	367	331
361	373	334
359	371	332
353	375	330
357	376	335
361	370	338
355	371	335
361	369	340
358	369	332
355	374	335
357	371	333
355	373	333
362	371	340
354	374	340
361	374	336
365	370	338
357	374	330
361	373	335
359	373	337
364	376	336
364	375	338
361	377	333
362	370	337
355	370	329
356	375	335
361	370	338
362	377	335
361	371	338
353	378	337
365	378	338
363	370	336
355	371	338
360	370	337
361	369	338
356	374	336
364	374	340
364	377	337
364	376	341
361	371	336
358	378	333
360	369	334
356	374	327
357	376	333
363	376	339
362	374	339
360	378	339
365	369	339
360	373	331
362	376	339
361	372	334
359	374	333
360	373	339
356	373	331
355	379	337
358	369	336
354	375	334
361	374	335
360	375	337
360	374	337
360	378	339
358	373	334
363	375	339
358	375	334
358	376	335
363	372	338
359	375	335
358	377	343
365	372	342
362	375	336
364	371	333
360	371	329
360	374	336
364	376	340
361	378	336
363	372	342
357	376	338
369	381	337
363	374	340
358	377	336
365	379	344
362	373	341
358	380	341
367	372	344
360	374	335
363	374	337
362	370	340
359	375	337
363	378	342
363	372	341
364	376	337
368	375	340
361	377	338
362	376	338
361	373	344
362	378	335
364	379	344
367	372	341
362	375	338
364	375	340
362	376	336
360	372	340
364	373	338
363	378	334
365	372	341
360	381	338
362	376	340
366	378	337
358	379	339
365	380	341
366	375	340
361	381	339
366	376	345
358	378	342
367	374	338
362	376	341
361	380	335
367	379	344
364	379	339
360	377	340
368	379	343
365	378	337
366	375	341
365	375	337
365	379	339
363	374	344
363	378	338
367	381	345
368	376	340
365	382	343
369	376	341
361	379	339
367	381	347
364	377	341
363	378	339
368	376	345
363	377	340
366	378	342
365	373	344
371	382	341
367	379	346
364	383	344
371	382	346
369	380	348
365	378	341
364	378	341
369	380	346
369	386	344
371	384	344
370	384	344
371	385	348
367	382	346
367	385	344
369	377	342
365	379	342
368	380	343
371	387	347
368	381	349
370	383	349
374	378	347
365	382	341
371	384	345
369	384	346
367	387	344
374	381	350
366	381	341
365	383	345
371	378	347
365	382	343
371	386	346
372	382	347
371	384	351
373	379	345
367	381	344
370	384	348
374	381	346
365	386	343
368	383	353
372	384	350
372	385	348
374	378	350
365	380	343
368	372	344
368	379	345
370	385	342
375	383	344
370	385	345
371	383	350
371	380	345
369	385	342
370	385	351
366	381	345
370	387	338
374	387	350
373	384	348
370	383	345
372	383	348
370	384	348
372	384	350
371	382	348
367	385	344
372	380	346
367	384	344
366	383	351
369	383	346
372	384	348
374	379	346
371	391	344
372	385	348
370	385	350
368	386	343
370	384	345
367	387	344
369	384	345
370	380	347
363	384	343
374	383	347
368	382	344
371	385	345
368	380	344
371	382	347
368	387	343
373	387	350
372	385	348
371	390	343
372	382	349
369	384	343
372	382	351
374	380	347
369	385	346
377	380	349
368	383	343
371	384	348
372	379	350
367	386	342
371	384	348
374	386	347
374	387	344
372	384	347
368	386	343
371	387	347
373	382	349
367	388	347
374	386	353
375	381	349
371	388	343
375	385	350
370	387	344
371	387	342
372	383	350
371	384	350
373	384	348
368	388	350
377	388	350
375	386	353
372	391	346
372	383	353
376	389	349
374	392	350
376	389	354
369	385	345
370	381	349
363	386	353
372	388	347
375	386	355
376	387	349
377	388	356
381	387	356
371	391	345
377	391	349
375	386	356
374	390	348
377	392	356
377	386	350
373	390	347
380	386	356
372	385	348
373	388	349
376	383	347
369	393	348
376	388	356
371	385	347
373	386	347
376	382	349
369	386	351
370	389	354
380	387	350
377	386	351
371	392	354
375	384	355
370	390	351
375	387	351
378	390	353
372	388	351
376	383	353
370	389	349
374	389	353
373	386	354
369	392	349
380	383	350
369	391	352
379	390	351
376	389	350
371	391	354
375	383	353
368	386	346
370	386	349
377	384	355
370	387	349
373	386	354
375	383	352
373	391	349
379	387	350
369	388	343
373	389	349
373	388	348
370	391	351
375	386	354
367	389	349
373	387	352
372	389	347
370	386	349
371	380	353
373	388	347
377	384	355
372	381	350
370	389	344
376	381	352
371	384	351
368	384	351
370	389	349
373	385	351
370	386	343
367	388	348
371	378	348
368	386	347
374	383	348
372	383	348
369	385	342
375	379	346
367	379	340
366	383	343
371	379	344
362	383	342
370	383	346
369	380	342
366	381	341
363	377	340
369	381	344
365	381	339
371	379	343
370	380	341
365	381	338
366	379	344
362	371	341
370	377	343
370	379	345
362	380	337
369	371	341
358	376	329
362	379	343
362	372	343
355	377	344
365	379	345
367	374	339
363	378	341
362	372	341
360	373	337
361	378	341
361	371	341
359	378	338
366	375	340
365	373	339
361	375	336
365	373	340
360	375	337
352	371	335
361	371	337
357	376	336
358	374	342
362	379	335
360	377	337
362	371	337
359	371	338
363	372	338
359	372	337
364	371	333
362	373	337
358	379	335
358	367	332
356	374	336
356	375	334
360	371	336
358	374	336
360	372	339
361	373	337
354	373	336
362	371	339
353	371	336
359	376	333
357	368	332
356	378	336
364	376	337
358	372	335
359	373	334
364	370	339
356	368	331
355	374	337
359	369	333
353	370	330
355	370	339
359	371	332
353	374	334
359	366	333
353	372	329
356	369	339
360	370	337
356	374	332
358	369	335
352	372	330
355	371	332
359	369	334
351	375	338
360	372	336
355	369	336
353	371	329
357	365	338
355	374	330
357	367	334
351	369	331
354	374	331
355	372	333
358	375	335
358	371	334
359	369	339
357	366	331
357	374	331
357	368	331
351	369	331
360	367	337
355	366	330
357	369	331
358	369	335
355	374	332
356	366	329
360	368	338
362	369	330
360	367	331
358	367	328
354	369	333
353	371	337
352	373	334
356	367	332
355	376	338
356	370	333
356	365	333
352	374	336
357	365	338
351	365	327
354	371	330
358	375	338
356	367	338
353	370	332
361	367	333
355	369	330
353	370	334
357	365	333
357	369	327
357	371	338
361	373	334
354	373	328
355	370	333
350	375	331
356	370	334
354	368	336
354	373	328
361	373	338
360	370	338
353	373	333
359	365	335
355	373	332
358	373	339
361	375	333
356	375	330
355	370	333
352	370	331
356	373	333
360	369	335
355	371	336
357	370	337
359	367	338
353	373	332
362	371	337
352	371	337
360	373	335
362	371	336
358	374	328
362	373	336
360	372	337
358	374	329
363	373	338
354	372	334
361	375	340
359	368	337
356	371	337
361	372	336
352	371	333
359	374	338
354	372	338
354	374	335
362	374	338
362	372	336
356	374	336
362	370	337
358	372	338
362	376	338
362	370	337
359	371	337
361	374	341
362	375	339
358	377	337
365	372	335
360	377	333
360	370	331
355	372	340
356	378	339
361	375	342
361	375	335
363	379	334
363	373	338
355	373	337
358	373	337
363	372	335
360	375	333
359	370	338
357	373	334
358	371	334
362	374	335
360	375	332
367	373	344
362	378	338
363	378	340
363	374	342
356	378	339
369	372	344
361	371	332
363	379	335
365	374	336
360	379	333
361	378	339
364	375	341
364	380	338
365	375	342
360	380	337
361	378	341
363	383	341
366	371	338
368	379	341
362	377	337
367	378	341
359	379	341
363	371	339
365	378	340
363	381	336
366	378	339
368	379	344
368	381	345
366	375	341
361	377	336
362	374	339
358	377	338
365	383	340
363	383	346
369	380	346
364	382	342
372	379	345
360	377	339
365	380	343
364	376	345
361	380	338
368	378	345
366	380	346
364	383	343
367	374	345
364	381	342
370	380	347
366	377	344
372	382	346
363	385	342
370	379	349
366	382	344
367	384	346
369	380	345
367	386	343
370	384	344
364	380	340
364	380	339
365	377	344
367	385	346
369	384	342
366	382	346
366	383	345
368	375	342
369	387	343
365	381	345
371	382	348
363	384	341
367	384	343
369	381	349
368	381	343
369	380	346
367	382	338
367	381	339
366	382	348
364	383	340
367	380	345
369	381	343
369	382	341
367	379	347
369	385	342
372	380	345
365	379	348
367	382	341
370	385	346
370	389	347
365	374	343
370	381	346
364	385	346
368	382	346
368	384	346
369	387	350
370	382	346
370	386	344
371	383	351
362	381	344
367	386	343
371	384	348
369	388	347
367	388	350
371	383	350
369	384	342
372	384	345
371	382	347
368	388	347
372	385	348
370	389	347
373	383	347
375	383	350
366	383	343
371	386	351
370	385	348
370	387	348
376	390	349
371	387	353
365	387	349
373	382	346
370	380	346
368	388	350
374	383	351
371	382	345
371	384	350
374	381	348
374	382	345
376	387	351
374	383	350
367	390	350
371	385	350
374	391	346
378	381	348
374	388	347
370	388	343
375	383	351
370	391	353
376	386	348
374	383	354
370	385	345
369	387	349
374	384	351
369	387	346
372	387	348
371	388	349
374	392	349
375	385	351
375	389	351
379	386	351
371	383	349
371	388	344
374	389	352
377	390	346
374	389	353
375	382	350
375	390	349
375	388	350
376	388	350
375	389	349
371	388	352
369	393	349
372	383	349
366	387	346
374	392	347
375	389	353
375	387	352
371	390	349
374	383	354
374	383	345
375	386	350
374	386	348
369	391	348
377	388	355
375	387	353
375	389	350
380	381	351
371	387	345
369	389	352
371	386	351
374	387	351
369	387	351
373	386	355
369	387	344
374	388	346
373	383	349
368	390	347
374	386	351
370	386	349
371	386	348
374	381	350
367	387	342
377	388	352
375	387	350
369	388	348
373	385	348
372	385	351
374	380	348
373	386	345
369	384	342
369	385	348
371	386	346
368	384	349
369	387	350
370	383	345
373	380	345
368	384	339
371	383	340
367	380	344
365	383	343
371	379	344
363	377	342
365	381	348
368	382	345
365	380	341
370	367	343
371	376	342
362	385	343
370	379	346
363	378	340
363	374	339
366	379	346
363	383	338
368	372	347
369	378	343
367	380	345
366	375	342
361	381	336
361	375	340
364	373	341
361	380	340
368	380	340
364	374	341
360	381	340
368	377	344
358	374	339
360	376	337
360	373	339
360	375	335
362	375	340
360	377	334
363	368	338
354	372	331
360	374	335
358	373	334
363	370	342
360	374	333
362	372	338
363	374	336
363	377	334
362	373	335
358	378	334
361	378	338
361	381	339
358	373	332
359	371	337
358	374	334
360	370	338
352	370	329
355	375	336
362	371	332
358	377	335
357	374	340
361	374	337
360	375	332
363	369	335
355	373	332
356	372	336
360	371	334
352	373	335
356	371	336
358	369	330
356	368	332
354	369	331
359	372	331
361	372	333
357	371	334
356	374	328
357	374	338
361	370	329
354	375	332
358	367	336
355	373	332
361	368	335
360	370	333
356	368	335
360	369	338
358	369	329
354	369	331
360	369	336
358	374	329
357	371	335
361	373	332
352	369	330
358	365	333
355	366	331
357	372	332
356	367	334
353	374	332
358	367	337
357	366	333
356	368	333
358	364	334
355	366	330
354	369	331
360	371	335
355	369	328
357	366	332
355	372	335
355	368	332
361	369	332
350	367	331
357	370	336
355	371	336
357	371	328
356	365	334
351	364	333
354	368	330
355	367	332
360	371	335
358	368	331
356	369	334
351	368	330
356	364	332
363	368	329
354	373	332
356	368	330
353	369	330
360	373	336
361	368	336
358	370	329
356	371	337
352	368	334
353	369	333
354	371	332
356	372	333
354	367	337
354	374	334
356	366	335
355	365	331
356	368	338
356	369	329
358	369	331
360	375	334
359	372	333
363	371	333
357	371	338
352	370	330
355	373	337
361	366	338
358	370	330
357	373	333
358	373	331
360	373	330
360	371	336
359	374	331
360	373	331
357	370	340
358	376	335
361	373	339
364	368	336
361	371	333
360	368	338
355	370	332
357	371	334
359	365	335
356	375	335
362	368	337
352	370	332
357	374	337
359	371	339
358	369	330
362	372	337
354	377	333
365	372	339
362	371	341
357	375	334
360	372	335
354	375	334
357	372	333
358	371	339
358	373	331
365	375	339
364	373	338
357	375	330
363	371	340
357	371	338
361	372	339
362	370	340
355	377	337
365	375	340
362	370	337
361	378	338
366	372	340
358	374	331
365	376	341
363	374	344
356	377	336
358	369	339
358	371	334
359	373	337
362	370	339
358	373	337
361	373	339
364	380	338
365	376	341
361	375	337
365	378	339
364	374	341
360	377	335
360	373	333
363	375	340
358	377	339
362	375	341
364	376	340
362	377	337
356	375	341
362	378	339
364	372	344
359	380	336
361	376	341
365	380	346
362	379	344
364	377	339
367	377	344
360	381	339
365	375	342
365	377	345
364	378	339
367	376	340
360	374	338
362	375	339
367	373	343
360	375	338
365	375	341
364	380	340
363	378	343
364	383	347
368	380	348
369	376	346
364	384	341
365	376	343
365	380	338
367	384	342
371	376	344
359	387	344
370	380	344
361	379	335
365	380	344
372	379	348
365	386	345
371	380	349
377	389	343
371	386	348
371	382	348
369	387	346
371	384	349
368	383	347
369	388	349
375	385	351
371	386	350
370	387	346
372	383	347
373	388	346
372	382	347
372	384	335
372	386	336
376	383	352
376	388	353
374	390	345
376	384	354
367	384	346
371	388	349
376	380	350
369	388	344
377	389	351
372	383	350
371	385	347
373	382	345
373	389	344
376	388	351
374	382	348
366	390	345
373	382	354
376	383	349
370	383	347
368	385	348
374	386	351
370	386	346
370	383	350
369	383	345
372	390	350
371	382	353
370	386	345
372	385	349
372	384	346
368	385	349
369	380	348
368	382	345
369	382	345
373	388	341
370	381	350
373	383	350
368	383	346
375	388	350
372	382	348
371	386	348
370	380	352
368	381	346
375	382	347
373	383	349
368	387	345
370	381	347
365	385	344
367	386	344
368	383	349
370	383	346
372	383	348
369	389	346
376	387	347
369	387	351
365	386	346
370	379	354
370	381	346
368	383	341
373	381	351
368	383	341
374	386	348
372	382	345
370	387	344
372	380	344
366	382	346
358	389	343
373	386	351
374	385	352
370	387	345
375	382	347
369	383	347
370	385	347
373	385	354
377	387	339
370	387	348
369	385	349
367	390	346
373	387	350
372	389	352
376	389	350
373	381	350
377	385	354
373	391	345
371	380	349
375	378	349
370	390	350
374	385	351
369	388	349
373	386	350
377	380	349
369	388	346
372	384	353
376	388	350
372	384	355
373	384	350
368	386	346
378	380	350
373	387	347
373	387	349
375	383	352
371	388	351
378	386	351
376	388	352
376	387	350
375	384	349
371	388	349
370	387	352
373	391	351
373	388	349
375	385	350
372	392	348
378	386	351
369	384	348
371	388	346
376	383	353
371	387	351
374	389	354
375	385	350
370	394	350
377	383	352
369	386	352
371	389	348
373	383	349
372	389	350
379	391	349
375	385	352
374	392	349
375	382	344
369	384	343
369	385	350
377	387	350
375	384	351
374	385	350
376	383	351
368	386	344
367	387	349
372	382	349
368	385	343
373	389	347
370	384	342
372	386	343
375	383	346
367	387	343
370	385	346
372	385	347
370	386	343
371	386	347
372	381	348
368	384	345
371	386	349
374	384	347
368	383	343
371	381	348
367	378	342
365	366	341
367	379	344
369	379	341
369	380	343
371	382	341
366	383	342
370	378	345
367	379	346
369	375	342
364	379	337
362	377	344
363	374	342
362	382	341
369	376	343
365	378	339
366	382	337
364	375	339
359	376	334
366	371	342
359	381	340
364	380	342
365	378	341
359	381	337
362	370	341
358	378	335
360	370	340
356	371	335
362	376	332
364	374	337
362	377	334
358	375	339
357	372	340
357	373	339
362	371	334
359	367	336
359	371	332
359	371	335
364	376	337
355	371	336
359	371	334
354	373	332
354	372	336
359	371	336
358	370	328
360	373	334
360	370	332
358	373	329
361	369	338
353	375	337
359	372	336
356	367	335
350	372	330
360	367	335
353	370	330
355	370	332
353	366	330
355	375	331
357	370	339
362	370	334
355	374	333
360	369	337
354	368	330
356	367	335
359	371	335
355	369	330
358	370	337
355	372	335
354	375	331
360	368	334
356	367	329
357	367	336
360	373	331
357	374	334
359	369	334
351	374	334
362	370	337
356	370	336
357	376	329
353	371	339
351	372	329
363	373	339
360	369	337
355	369	334
359	367	337
353	365	331
356	370	331
357	369	336
356	373	334
359	372	333
362	372	337
354	373	330
358	368	336
355	371	328
352	369	332
357	364	336
352	376	329
358	370	337
357	368	336
356	372	332
359	366	335
356	371	331
353	368	332
358	369	335
359	368	330
356	375	333
358	367	338
356	368	330
356	371	332
357	368	332
353	374	332
355	367	335
352	368	328
353	369	329
358	369	333
356	372	330
359	372	333
356	373	330
360	370	337
356	364	331
351	370	331
355	370	333
353	374	329
357	368	329
354	369	334
353	372	328
353	371	329
352	374	333
356	371	333
358	366	333
351	369	329
355	367	336
352	373	329
360	370	338
358	368	337
353	371	331
353	370	335
354	376	333
358	377	336
359	369	335
355	372	335
361	370	337
357	372	334
359	374	332
362	370	333
357	377	333
361	367	339
353	370	328
355	375	332
358	368	335
355	376	331
361	372	336
363	370	340
355	374	334
360	366	334
358	369	330
355	372	331
357	372	338
348	375	337
360	374	339
361	370	339
360	376	337
361	369	339
358	373	334
358	374	337
362	370	337
358	373	332
360	372	339
366	370	341
357	370	330
360	374	337
362	368	335
351	377	337
364	370	334
357	374	327
359	375	330
363	371	334
354	374	332
357	377	339
360	373	339
354	374	333
361	367	334
353	369	333
356	371	338
362	371	331
358	379	333
362	377	338
359	377	338
361	376	337
362	371	340
359	371	338
362	375	335
364	370	337
356	375	331
362	374	337
357	375	336
358	368	335
359	374	337
361	379	335
363	370	341
363	375	336
359	380	344
361	371	345
361	378	335
368	374	340
362	376	336
362	379	338
366	376	341
362	378	336
368	380	342
365	377	339
364	380	340
367	378	342
361	374	333
362	376	339
363	375	337
368	382	337
366	379	343
367	379	343
366	376	340
363	377	341
365	379	339
361	381	341
366	380	345
364	378	342
367	380	343
362	376	340
363	380	341
367	372	347
362	378	339
366	376	342
365	375	343
363	380	337
370	381	346
363	376	338
365	381	345
371	377	346
365	383	343
370	381	346
365	379	344
366	382	342
364	375	341
362	375	332
364	381	341
365	374	344
360	383	339
369	380	347
364	376	343
365	381	348
373	377	347
367	386	339
366	377	343
369	382	347
365	380	341
371	386	349
369	380	342
365	383	345
367	379	344
365	382	343
369	383	346
373	388	348
369	382	343
369	377	345
369	383	341
366	383	349
366	385	347
369	382	345
371	382	349
367	388	347
372	384	349
369	381	351
372	386	345
369	380	343
366	384	339
371	383	345
373	387	352
373	388	347
374	385	348
372	381	350
366	387	343
371	382	343
373	381	349
371	387	349
377	387	345
376	384	352
372	390	348
372	380	344
368	383	349
370	386	346
374	380	351
368	387	344
372	381	348
365	381	343
369	388	350
373	382	350
368	384	348
369	385	347
374	388	351
375	385	345
372	390	351
373	385	351
373	390	348
376	389	349
374	387	352
370	391	347
376	383	350
370	383	352
374	387	347
374	386	354
371	387	349
375	391	354
377	388	351
373	389	356
380	393	354
374	394	351
376	385	357
373	388	352
376	390	351
378	387	355
371	394	351
375	388	355
378	387	349
374	391	354
378	385	356
373	389	348
381	387	354
377	389	351
377	392	352
377	390	356
373	387	350
377	390	348
379	388	356
369	388	348
378	391	357
379	386	354
374	391	349
380	388	352
376	388	345
378	392	352
379	388	352
372	387	349
374	377	350
379	394	356
379	388	349
372	383	352
373	386	348
374	391	349
375	387	350
372	391	350
375	389	351
379	387	350
369	393	348
376	385	358
366	386	346
371	388	353
375	388	355
372	386	349
378	381	353
370	381	344
370	388	346
377	387	345
369	387	347
372	384	347
366	389	346
374	386	348
371	387	353
371	387	344
378	385	353
368	386	348
369	386	344
372	383	347
371	384	346
377	385	349
373	386	349
369	386	346
369	381	345
365	383	345
374	381	348
368	384	342
370	384	349
372	378	347
367	385	343
373	383	346
367	382	343
370	388	346
371	380	347
364	382	346
371	384	349
370	383	348
367	384	344
373	376	347
365	381	346
365	380	346
367	379	344
368	387	345
367	383	346
371	380	343
370	380	342
372	380	349
366	378	341
367	378	344
369	379	342
364	380	337
367	381	343
365	385	340
367	378	345
359	380	340
363	383	344
365	382	344
368	378	345
363	382	338
368	380	342
368	381	344
365	382	340
366	378	347
365	381	338
364	377	341
366	377	345
362	383	336
368	372	344
360	379	337
363	377	336
366	373	340
361	378	335
363	375	344
361	380	337
365	379	343
365	376	344
362	377	339
366	373	339
361	378	340
362	377	340
365	374	341
363	375	336
366	371	338
363	379	337
357	378	339
363	371	339
358	376	332
365	376	338
365	380	337
361	376	336
363	375	341
360	380	333
363	373	338
354	377	339
358	377	338
364	369	339
358	378	336
366	376	341
365	374	341
356	376	338
362	374	341
359	373	337
359	371	336
356	371	338
358	374	333
364	369	334
357	377	336
367	376	338
363	368	339
355	373	336
362	369	336
362	372	333
359	373	330
364	372	333
355	376	332
365	371	339
353	369	327
353	373	329
358	368	335
357	373	334
358	370	332
360	373	336
355	372	339
358	377	335
359	365	336
358	370	330
361	373	338
363	374	335
356	375	331
362	372	333
354	370	329
357	371	332
357	370	338
355	371	331
361	373	340
361	372	339
353	374	333
360	370	337
358	373	334
362	371	334
358	373	334
358	370	333
358	369	339
359	373	334
361	374	339
362	374	332
354	368	332
362	371	339
355	376	334
360	371	337
358	370	334
358	377	332
364	371	335
357	374	338
367	369	338
354	373	335
358	375	333
360	369	337
354	379	339
360	376	336
361	371	338
360	380	337
364	371	337
355	376	332
362	377	338
362	371	342
353	373	335
362	371	342
360	376	339
358	380	335
364	374	340
349	372	338
355	375	337
367	374	337
361	375	338
363	381	335
362	371	336
358	378	335
359	376	339
365	380	340
365	378	339
362	375	339
360	378	337
360	372	336
360	372	336
361	375	345
355	373	334
361	373	335
363	372	341
363	377	335
361	379	337
366	373	334
358	380	334
363	370	337
356	373	330
358	377	335
363	372	341
358	374	335
360	371	338
355	374	337
356	375	336
364	374	338
361	379	337
363	372	341
361	377	333
362	374	337
362	372	335
358	380	337
364	372	341
357	373	336
359	376	336
362	376	336
358	378	337
363	371	336
356	377	339
363	375	337
363	371	338
360	375	333
361	380	341
361	372	340
357	379	337
365	375	343
362	376	338
363	380	340
364	375	339
359	375	335
360	364	337
362	375	338
365	375	342
363	376	337
360	378	335
366	372	341
369	378	345
364	379	339
365	376	338
365	378	343
368	381	349
365	378	345
364	380	342
365	376	343
362	375	331
362	377	338
366	374	339
366	382	342
366	379	343
369	379	342
363	381	337
367	377	345
368	380	341
365	379	341
366	379	344
364	382	339
366	380	346
355	380	341
372	381	343
371	376	339
361	381	340
366	377	344
365	384	338
367	383	346
366	376	346
364	382	339
368	376	344
357	374	336
362	377	345
362	379	345
360	383	342
364	377	346
367	378	343
360	377	340
365	375	341
363	378	340
367	375	341
366	375	341
363	381	339
367	380	343
365	382	346
367	379	339
366	378	345
366	380	342
366	381	337
366	373	344
367	381	342
369	386	343
367	381	345
364	378	340
362	377	339
366	377	343
361	381	336
365	378	344
364	380	340
362	380	342
366	380	345
360	381	343
367	379	341
364	381	343
363	383	339
369	379	342
372	383	342
361	387	344
366	377	344
364	383	344
371	381	344
371	379	343
361	388	342
368	380	344
364	382	344
365	383	342
369	378	348
357	384	347
371	380	345
369	380	343
359	383	346
369	384	348
369	384	347
365	381	347
371	381	344
368	384	340
371	386	348
372	387	346
368	384	348
371	380	344
365	383	343
372	384	348
367	389	345
375	385	349
370	382	347
364	384	345
371	384	349
365	388	349
374	378	346
359	382	350
368	388	345
371	385	349
373	388	353
373	385	346
368	382	349
370	388	344
373	383	349
370	383	341
366	383	349
371	379	348
365	383	345
372	390	347
375	382	353
372	386	337
370	388	347
374	385	351
368	389	348
373	386	349
373	386	355
370	388	346
372	379	344
370	386	336
377	389	354
377	381	348
370	386	345
375	383	351
370	384	346
369	390	349
371	384	350
374	384	355
371	387	350
379	390	347
375	388	348
373	389	351
373	385	352
369	389	352
375	390	354
379	383	350
373	393	346
375	385	346
372	387	343
374	392	350
378	387	353
370	388	345
376	389	353
373	392	349
379	388	356
377	388	356
375	392	348
376	388	356
371	388	350
372	390	349
377	388	358
376	389	352
381	385	356
378	385	350
374	388	350
375	387	350
376	393	349
378	391	354
381	390	350
381	392	356
379	387	356
377	396	350
374	391	354
374	389	356
371	394	354
382	388	357
381	396	356
383	396	354
380	388	352
376	394	349
377	389	354
371	390	354
373	390	353
377	395	357
379	393	354
380	394	352
384	387	357
375	390	348
374	396	355
378	387	357
376	393	349
378	394	355
379	388	354
376	392	349
377	391	356
372	396	350
379	392	357
376	389	353
374	390	353
380	391	359
379	389	353
373	386	351
376	390	354
381	391	352
371	394	354
382	385	356
375	389	352
374	394	349
377	385	350
359	391	347
376	391	355
377	386	356
370	389	349
374	385	354
372	388	348
373	389	350
374	385	347
371	391	344
373	391	353
371	391	354
372	386	346
372	381	354
372	390	348
369	376	344
373	383	350
368	387	342
370	388	348
368	389	345
372	384	345
368	385	341
365	385	340
370	381	346
371	385	344
368	380	348
361	384	343
375	385	352
370	381	347
366	385	341
374	379	343
364	378	341
363	385	338
369	383	348
365	382	342
370	380	346
367	379	348
368	384	343
371	374	341
362	376	337
362	380	338
366	377	345
353	383	341
367	382	341
366	375	344
361	381	340
365	377	342
362	373	340
358	379	342
368	379	341
364	376	335
365	371	339
362	375	338
362	380	337
366	374	339
361	377	339
361	369	342
363	380	338
361	378	339
363	373	338
362	377	335
359	376	335
363	376	339
357	379	334
362	375	340
361	376	338
357	372	334
359	371	335
355	377	337
360	371	335
356	369	337
364	372	338
360	369	331
355	377	330
360	376	339
360	374	336
355	374	336
361	373	339
359	375	335
362	369	337
358	376	335
364	376	336
362	371	339
356	376	334
361	373	334
353	369	327
355	377	336
362	371	334
356	373	334
359	375	335
359	371	336
354	372	333
357	368	337
358	366	335
354	374	333
362	374	334
356	373	331
363	374	330
357	366	330
354	376	327
355	369	330
352	371	333
352	371	333
355	366	331
354	372	333
358	370	331
360	365	334
353	368	329
357	372	332
357	365	329
351	370	332
354	365	332
351	368	331
356	366	331
352	363	331
356	369	326
358	370	333
357	371	329
357	367	328
355	368	332
353	368	332
354	370	336
352	368	331
355	367	331
357	363	332
355	367	327
360	369	335
357	371	332
355	370	325
353	370	331
354	366	331
350	364	329
355	366	335
357	368	330
358	362	332
349	369	327
355	366	332
357	366	334
356	369	332
361	368	333
352	371	332
355	371	330
359	365	334
355	373	327
358	368	333
355	371	326
352	368	329
356	363	331
345	374	336
359	371	337
358	363	330
351	373	333
356	369	331
356	369	335
354	371	331
356	369	337
358	366	335
353	373	330
360	369	338
355	369	326
359	372	331
356	367	331
352	371	330
357	371	337
355	367	335
355	370	331
355	368	332
355	374	331
353	376	332
361	375	338
361	369	335
357	374	332
361	369	343
357	368	332
356	373	330
363	371	333
358	374	333
357	366	332
355	369	335
359	372	336
360	370	338
354	375	334
362	373	338
361	370	337
360	373	338
358	375	335
358	375	335
362	369	337
358	374	332
356	377	335
363	370	340
355	379	337
360	374	340
358	370	340
359	373	333
360	370	342
356	370	332
355	372	339
359	369	338
358	375	333
363	371	335
356	380	339
363	378	343
363	375	335
364	378	337
364	372	338
358	378	333
361	380	342
363	380	340
358	378	338
364	375	344
362	382	341
365	373	341
360	374	334
359	377	336
361	371	339
368	377	337
366	378	339
368	376	344
364	381	335
366	372	339
362	376	338
364	381	340
369	367	338
363	383	342
366	380	343
365	375	341
360	374	338
364	378	342
365	378	340
371	379	339
368	375	344
371	376	344
364	381	341
368	378	346
361	376	339
367	379	346
366	376	344
364	382	343
366	375	343
364	379	340
365	382	342
369	372	343
360	382	339
368	383	347
369	376	344
364	377	340
367	378	342
369	381	341
372	378	344
363	382	338
366	384	345
370	375	346
363	384	341
372	383	348
371	379	345
368	387	342
369	378	347
361	378	338
366	382	346
365	380	345
367	384	344
370	381	349
366	382	342
365	387	351
371	383	350
367	385	347
372	383	349
374	388	348
370	387	346
371	383	347
367	385	348
372	384	346
372	377	347
367	386	347
373	387	352
373	386	349
374	382	345
372	382	346
368	388	343
372	387	344
375	381	347
369	386	347
374	388	354
373	384	349
372	390	347
373	381	350
366	386	345
368	387	350
370	379	351
369	386	338
375	386	345
363	385	344
367	388	346
371	381	352
368	387	348
370	387	345
374	386	352
376	385	354
369	386	345
377	379	348
371	383	352
365	388	349
375	381	349
368	380	344
371	384	344
368	384	347
368	384	347
373	379	350
367	387	343
378	389	349
375	383	346
367	388	351
378	385	352
368	387	347
373	384	352
367	383	339
374	385	348
375	387	352
371	391	347
380	391	350
374	382	352
368	391	349
370	385	350
369	389	352
376	390	356
372	385	352
372	391	348
369	387	354
377	386	348
374	392	351
369	384	353
372	389	346
373	392	351
377	387	351
373	393	353
376	381	353
371	388	349
375	391	348
374	384	353
371	391	347
378	392	355
375	386	354
370	389	349
375	392	351
377	383	350
369	397	350
377	391	353
375	385	354
373	392	353
377	387	355
371	386	349
370	387	352
376	387	356
373	389	347
376	387	351
377	388	352
376	390	349
375	383	352
369	391	348
368	387	351
379	388	354
378	385	353
374	393	352
374	384	351
363	390	353
374	389	349
374	388	353
374	393	352
375	385	353
372	386	349
374	392	353
377	382	353
370	393	350
380	393	355
376	387	350
374	389	354
380	387	351
373	391	349
377	388	353
368	386	346
370	387	353
374	383	355
380	391	351
379	391	350
376	388	354
375	389	351
372	385	352
373	390	354
373	390	350
378	390	355
372	387	352
373	385	356
379	387	353
377	390	353
379	385	356
374	389	351
377	388	351
376	390	355
371	392	352
376	383	357
372	385	348
371	386	347
374	386	351
373	391	345
379	390	351
374	389	351
372	390	352
377	386	352
369	387	347
368	386	347
374	384	353
372	390	352
376	385	352
373	386	354
373	386	345
373	384	350
368	383	349
375	383	344
371	383	348
367	385	343
372	380	348
367	385	342
365	384	343
370	382	345
369	382	342
369	382	344
371	383	343
366	387	345
368	383	348
368	382	345
365	379	341
371	380	347
365	387	340
369	382	342
367	381	345
366	382	344
365	376	345
363	381	340
365	381	343
370	379	339
364	381	341
366	376	338
365	383	336
367	378	341
363	379	343
360	379	338
364	375	345
363	373	338
360	374	338
366	371	339
362	377	340
369	381	342
359	378	337
363	378	337
362	376	338
364	378	336
362	371	344
358	373	339
366	377	337
362	371	342
359	371	334
360	370	334
356	372	335
361	376	336
363	371	338
360	377	337
363	375	337
361	373	338
354	378	335
365	372	340
359	373	330
357	373	335
359	368	334
347	379	339
361	374	336
359	370	335
354	377	337
360	367	332
353	373	335
359	372	335
361	366	333
356	371	332
362	372	335
356	371	331
355	373	330
357	370	337
356	375	333
357	374	336
359	373	335
362	373	335
357	377	336
354	366	335
354	374	333
361	370	336
361	369	335
355	375	334
364	370	337
359	370	331
357	370	330
358	372	337
359	375	332
359	371	334
357	376	335
358	371	339
362	372	337
358	377	335
362	371	338
355	374	332
358	371	338
363	367	337
355	376	333
364	376	339
361	370	336
356	375	333
352	369	337
353	376	334
359	374	336
359	375	333
360	375	333
363	371	340
356	372	335
363	372	340
360	373	334
358	372	331
356	374	338
358	374	333
360	373	337
359	370	336
360	374	334
358	371	342
357	368	330
357	375	337
360	370	337
357	372	336
357	371	338
362	376	335
362	375	334
363	371	341
359	372	334
356	367	337
359	373	340
360	375	335
362	366	338
360	373	334
361	367	337
353	370	329
361	375	334
362	370	333
356	375	328
360	372	337
358	370	331
359	370	338
360	370	339
356	374	333
364	373	339
355	375	333
359	377	335
358	374	337
357	373	330
360	371	340
360	378	335
363	373	338
358	369	336
353	373	332
356	365	336
355	375	333
357	375	336
363	376	333
360	371	336
363	369	336
358	380	341
356	372	333
343	372	339
359	377	333
364	369	335
360	374	337
362	374	338
358	371	338
357	376	333
362	371	337
359	372	334
359	375	338
363	368	340
363	377	335
365	377	335
359	375	339
356	371	337
361	371	335
361	370	339
358	376	335
364	377	337
360	375	335
357	378	336
359	371	339
360	379	337
364	371	338
359	373	339
362	371	334
362	371	340
359	370	339
359	376	335
366	372	344
354	372	336
360	374	340
362	369	340
357	377	336
364	372	335
361	376	336
363	378	338
364	374	339
358	377	334
365	376	341
364	376	339
360	375	339
364	374	341
361	379	339
367	371	342
361	372	332
359	380	338
361	371	338
360	380	339
362	375	341
363	376	343
364	375	336
366	371	340
358	375	337
356	374	339
359	374	340
358	380	338
366	376	342
360	377	337
362	371	339
361	375	343
361	381	340
367	374	341
360	378	332
367	379	344
365	373	343
359	380	337
368	374	343
362	377	338
363	382	336
365	373	341
358	381	338
370	380	342
365	377	339
362	378	337
367	379	346
360	376	336
364	379	340
367	379	342
361	383	341
366	379	342
366	379	342
364	378	340
367	376	343
364	377	340
363	382	344
366	378	343
365	380	341
366	377	349
359	378	341
364	380	340
364	376	348
364	376	343
368	383	340
365	384	349
363	378	340
365	372	339
363	378	348
367	378	340
367	370	343
368	385	343
368	379	344
365	375	342
368	383	344
373	379	342
363	380	337
362	383	340
368	383	345
369	383	343
366	375	346
357	383	342
373	386	345
370	379	346
364	384	344
367	379	345
367	379	348
368	384	345
370	381	347
368	383	343
367	378	341
357	381	345
367	384	343
370	383	345
368	381	342
367	383	347
371	388	350
369	383	346
371	372	352
364	380	346
366	384	344
370	383	350
368	385	349
373	382	345
374	383	348
368	386	346
378	382	344
366	381	342
367	387	343
373	383	350
372	384	350
367	389	346
373	383	352
367	381	340
369	386	348
375	378	349
366	387	347
377	385	347
372	381	347
365	390	345
377	381	345
372	383	348
376	382	351
373	383	351
370	386	343
369	380	343
371	386	349
370	388	345
371	389	347
371	387	351
368	385	346
372	383	353
371	382	345
372	388	348
374	381	346
369	387	343
371	386	351
371	388	347
376	386	347
373	383	347
370	387	351
374	382	346
378	388	351
376	383	351
375	387	352
372	389	349
374	389	355
373	386	351
376	387	349
374	384	352
370	387	347
376	391	351
374	385	350
371	389	353
376	388	357
370	385	347
371	378	353
377	383	351
381	391	352
375	389	350
373	391	357
369	393	353
380	386	356
372	389	349
377	391	352
377	385	351
375	396	352
380	391	357
375	392	353
382	394	353
378	386	356
372	393	349
373	384	351
369	386	341
362	388	352
376	397	358
377	392	358
374	394	354
383	386	353
379	389	355
373	392	351
380	389	354
376	391	355
379	389	352
378	385	354
374	390	348
376	386	350
374	394	349
383	388	355
377	388	351
378	390	353
374	394	349
380	389	354
371	390	351
374	392	354
379	383	351
375	388	352
373	385	353
371	388	353
373	392	352
375	388	354
374	392	355
379	387	350
376	387	349
374	393	348
374	383	352
373	390	344
372	383	350
369	384	350
371	387	345
377	389	350
371	389	353
369	387	345
375	382	351
371	387	346
369	386	345
375	384	346
367	387	345
374	387	351
365	382	343
368	384	347
369	379	346
365	387	352
372	382	347
365	386	342
372	381	346
367	383	349
369	383	344
369	381	345
370	383	339
363	384	342
368	382	345
366	383	339
370	384	344
365	386	344
371	383	341
367	375	345
366	381	341
364	380	340
368	374	341
365	383	337
365	381	343
366	378	346
362	383	342
366	374	345
363	375	339
362	378	337
368	374	339
364	380	337
369	380	342
358	375	335
361	376	336
362	374	338
357	373	334
362	375	341
366	375	336
359	375	337
365	380	345
362	372	335
357	377	338
363	370	337
358	380	335
364	375	337
358	375	339
358	374	334
360	371	339
356	372	334
358	372	335
361	368	337
354	377	334
362	371	336
355	376	334
360	375	340
361	374	337
365	375	338
363	368	336
358	370	332
360	368	333
351	373	339
356	371	331
357	371	340
356	371	332
356	365	334
344	366	336
359	375	335
361	364	336
359	375	335
357	371	338
360	372	340
359	371	332
362	370	337
357	369	328
357	372	330
355	369	338
357	372	332
356	370	334
356	370	339
358	370	333
358	368	337
355	367	332
355	371	334
360	368	332
355	369	330
361	371	335
361	372	338
352	373	334
359	366	339
357	366	331
357	373	332
360	370	336
352	374	329
359	370	333
353	367	330
353	373	331
356	369	334
355	373	331
354	369	334
359	368	336
353	374	333
356	372	333
358	369	328
355	375	335
354	365	333
352	372	333
356	368	333
353	370	333
356	370	333
358	369	337
356	366	331
354	360	329
347	368	333
353	371	328
359	367	332
360	373	337
353	367	336
358	372	332
358	372	332
361	370	339
354	371	334
359	374	332
359	367	332
353	375	323
362	370	334
353	369	328
357	373	328
360	367	331
357	375	330
358	373	331
358	369	339
352	372	335
360	373	337
356	375	332
361	369	340
356	370	329
354	376	333
355	370	339
352	373	331
361	374	339
361	368	337
354	373	332
362	368	336
358	369	330
358	373	334
362	368	333
352	372	334
361	367	337
358	369	338
355	374	331
358	369	331
359	373	334
356	374	331
363	373	339
357	372	336
353	375	336
354	368	336
359	372	336
359	365	334
352	372	333
359	373	340
360	374	335
358	375	332
356	372	337
356	375	338
359	371	341
361	375	334
360	370	338
362	375	339
358	379	335
360	375	337
358	376	341
363	372	335
360	372	341
360	379	338
363	370	332
356	373	337
366	375	340
364	372	342
358	372	334
366	373	343
361	376	338
367	380	338
359	374	334
358	376	339
361	373	339
362	379	342
368	375	340
367	373	342
359	376	338
366	371	337
362	376	340
361	378	341
365	377	343
364	375	337
362	374	341
367	379	339
359	379	343
368	374	343
363	381	338
363	379	339
364	373	342
357	381	345
367	379	340
366	376	338
363	381	340
371	373	342
359	380	333
366	377	341
363	377	341
362	383	341
366	374	344
365	373	341
360	381	340
363	365	337
360	375	345
364	379	340
365	378	341
361	374	337
361	375	338
363	378	341
364	378	341
364	376	345
362	379	340
367	380	345
363	373	340
360	379	338
365	373	343
371	383	341
368	378	344
363	376	338
362	382	339
367	374	339
361	384	343
369	381	346
364	376	341
361	380	339
367	375	346
361	383	342
368	377	345
367	378	340
363	381	338
370	376	343
364	379	339
367	377	345
365	380	345
365	383	342
370	383	346
368	382	346
365	382	343
369	381	350
363	380	344
366	379	342
369	380	349
366	381	343
367	381	341
369	385	342
369	384	342
370	379	341
369	387	339
365	381	343
373	379	346
367	385	349
368	382	347
374	378	346
369	383	344
368	383	342
369	383	349
363	382	342
371	381	347
369	381	340
367	384	343
368	378	347
365	381	342
371	385	347
370	388	346
366	383	342
372	384	344
370	385	346
369	385	345
370	381	348
366	382	340
369	386	346
373	384	347
371	388	347
372	384	351
366	382	342
366	387	346
372	385	342
366	388	345
372	384	347
372	389	347
371	381	348
371	385	348
373	389	350
372	383	351
371	386	349
374	387	346
373	385	346
368	389	347
376	387	351
371	386	345
372	389	350
376	387	351
369	386	343
374	386	350
371	388	351
372	389	351
380	392	350
373	389	352
377	385	356
371	390	349
374	389	347
378	389	353
373	390	348
375	392	357
378	389	356
375	389	351
376	388	352
372	385	350
373	390	346
375	387	351
373	393	347
375	392	352
381	392	355
377	392	350
381	385	353
369	394	357
373	396	353
379	393	356
380	392	359
379	391	353
381	389	360
379	394	354
377	391	352
379	396	357
380	393	354
377	387	357
377	390	353
374	388	352
385	390	360
377	391	351
378	394	356
377	388	362
377	393	354
385	389	358
377	394	357
380	395	352
379	393	360
381	397	359
383	394	363
383	392	356
380	395	354
379	388	352
379	391	358
378	397	355
387	390	358
378	395	357
383	397	362
385	391	359
383	396	355
383	393	360
377	396	358
374	396	360
382	390	358
379	398	358
383	394	355
380	392	355
377	395	356
381	393	362
378	396	353
381	394	358
382	397	355
381	399	359
382	394	360
381	397	355
382	389	356
379	394	355
378	399	352
380	395	359
384	400	359
386	396	360
383	391	357
375	399	353
383	392	358
377	390	350
379	395	354
382	388	356
377	389	357
380	395	355
386	386	356
378	392	353
378	393	351
379	375	356
375	393	353
379	394	357
378	386	355
374	391	352
379	390	352
373	390	350
377	392	354
376	390	355
372	392	351
376	385	358
377	389	351
370	389	348
371	391	350
373	384	352
371	390	351
374	390	344
367	387	353
370	388	347
375	388	353
373	391	353
377	385	347
371	384	349
367	389	344
373	380	351
368	383	339
372	388	347
373	383	348
368	386	346
373	381	346
369	382	347
368	383	343
373	382	347
364	382	345
368	379	341
367	379	347
365	385	341
370	383	343
366	380	344
362	384	338
366	376	341
363	381	339
367	380	345
367	376	337
365	379	338
367	375	346
363	379	344
370	373	343
360	374	337
362	378	336
363	377	344
359	383	337
366	379	342
360	373	339
362	382	338
366	373	340
361	374	333
362	374	338
366	373	337
364	376	335
363	381	344
362	373	341
361	379	339
366	373	339
360	376	335
360	378	336
366	374	338
357	379	339
363	376	344
362	374	343
357	375	333
360	369	340
359	375	335
362	373	339
361	371	335
362	375	338
364	375	334
360	375	342
358	371	339
359	372	338
359	376	337
359	372	337
360	370	336
357	376	331
368	372	332
360	373	330
360	375	332
361	371	335
355	377	339
359	374	344
355	369	337
361	376	335
358	373	337
357	376	337
362	370	340
358	370	329
360	375	333
361	371	332
352	374	331
358	369	333
354	368	331
358	372	336
359	369	338
355	371	332
356	370	331
361	375	336
362	373	331
361	368	335
354	373	335
356	369	339
356	366	327
357	373	331
356	368	331
354	375	331
356	369	334
358	368	336
355	369	331
357	366	338
355	366	330
353	369	328
354	367	330
353	371	329
355	369	331
356	366	334
353	367	330
355	371	328
354	369	333
354	370	326
353	370	337
357	362	334
352	366	330
357	367	332
355	367	325
352	366	331
352	370	328
355	371	331
354	365	334
352	370	331
355	362	326
353	367	328
340	366	336
354	366	328
355	370	334
349	364	327
353	368	331
355	362	331
352	371	329
355	369	329
353	371	335
352	369	333
357	365	336
354	367	330
353	365	331
353	368	332
353	368	328
358	369	329
351	371	325
354	372	334
357	370	333
355	369	329
359	369	337
352	367	326
357	370	332
358	366	331
353	372	328
359	371	332
354	364	326
349	368	329
354	367	334
352	369	331
359	367	332
355	370	330
356	371	328
360	369	335
356	372	329
360	369	335
353	370	333
357	370	331
357	367	336
353	371	330
356	370	332
360	368	335
355	367	332
357	368	331
356	370	331
354	369	327
356	367	334
354	376	330
355	370	334
357	367	332
358	371	334
359	370	333
355	369	333
353	374	333
358	367	334
354	372	333
360	368	338
355	369	331
354	363	331
357	369	336
356	373	329
359	368	333
353	372	330
355	368	337
351	375	335
360	371	333
356	370	339
353	370	334
357	361	333
360	369	335
354	373	329
362	373	333
362	375	338
364	374	333
363	371	332
353	377	331
355	365	332
341	366	332
359	369	336
361	368	338
358	371	333
360	374	336
356	367	338
357	372	333
363	366	338
354	371	334
364	374	337
360	373	337
359	376	336
363	372	338
359	378	330
358	370	334
346	373	334
360	373	337
362	369	339
362	376	337
365	372	336
361	371	340
361	375	331
357	373	336
363	371	337
357	377	333
365	372	342
365	374	335
359	376	331
366	373	340
361	374	336
361	372	328
360	368	338
363	372	339
362	371	339
366	377	338
359	378	334
369	375	336
357	375	336
359	380	337
364	371	338
354	375	338
364	371	343
368	375	342
356	377	335
364	373	341
362	376	339
364	377	340
366	375	343
364	376	340
366	372	344
359	377	339
365	374	340
359	372	336
361	377	342
363	374	339
362	383	336
367	379	344
367	375	343
362	382	337
365	372	340
361	376	335
362	380	337
365	375	340
363	385	343
363	376	340
360	378	337
366	374	342
364	377	342
368	381	340
359	380	340
363	380	339
366	379	344
368	379	343
366	379	342
370	379	341
363	385	336
369	376	341
363	378	339
360	376	339
365	374	341
360	376	338
369	376	341
369	378	348
366	379	339
372	379	344
365	380	342
366	381	341
368	379	348
360	382	337
365	380	345
368	379	347
366	379	340
366	376	333
359	377	339
369	384	345
369	381	347
360	381	343
365	375	345
367	380	343
361	383	339
366	382	342
369	378	347
364	382	344
371	379	343
364	380	338
363	379	340
370	377	347
366	384	342
372	383	347
368	380	343
365	382	339
369	381	344
364	381	337
366	380	341
374	381	344
367	381	342
374	387	346
369	384	348
371	383	344
372	383	349
365	378	343
367	385	347
374	381	344
366	383	344
368	386	345
368	384	341
367	387	344
369	379	348
368	383	348
372	384	346
374	385	347
369	386	349
371	384	354
371	389	343
379	386	350
370	383	352
371	386	348
373	382	347
377	393	351
370	387	348
372	384	347
370	387	345
370	384	349
369	386	346
372	389	349
378	386	353
377	392	352
369	392	354
375	386	351
375	385	346
374	388	347
376	388	352
374	388	346
375	390	353
376	387	354
370	387	346
374	384	351
370	385	346
374	382	356
375	389	354
381	385	353
379	383	351
375	392	356
379	392	347
379	384	352
371	391	353
371	391	352
377	387	353
372	388	351
379	389	354
372	390	348
374	389	346
374	384	352
371	389	345
374	393	352
374	390	355
370	387	349
376	390	353
377	387	349
379	388	354
372	387	350
371	390	349
374	381	354
374	390	353
378	388	355
373	387	352
373	396	349
373	382	350
369	381	351
372	389	351
377	384	349
372	389	350
373	379	353
368	381	345
371	385	348
376	383	350
373	381	346
370	388	348
376	394	348
371	388	347
375	381	351
366	381	344
370	387	351
370	380	347
368	386	344
371	386	347
374	387	343
374	388	347
374	380	343
366	382	343
365	380	347
368	380	348
366	382	345
371	381	349
371	376	345
367	386	344
371	378	344
361	384	337
363	384	339
365	381	345
364	382	338
365	380	343
361	375	338
366	379	343
366	376	345
365	380	338
363	374	343
368	381	344
359	377	340
367	376	343
365	380	337
363	378	335
362	375	340
359	379	337
365	380	344
364	377	343
358	380	339
365	376	343
361	373	340
362	376	341
363	372	337
356	374	335
364	374	334
362	374	335
364	370	339
361	376	333
364	376	337
359	374	339
362	382	338
363	371	344
359	374	338
355	376	338
364	371	341
362	379	336
366	373	340
360	374	332
361	370	332
363	375	339
353	375	338
360	369	341
361	374	335
363	379	337
359	371	338
359	379	337
363	371	339
356	371	332
360	374	332
361	370	337
355	378	334
363	376	338
364	374	338
358	373	331
359	368	335
356	371	331
356	374	333
362	375	337
361	373	334
358	374	335
361	370	342
353	371	336
357	367	333
361	367	335
358	377	330
359	370	332
354	373	330
353	371	334
357	369	337
354	373	334
357	369	333
347	371	333
355	374	340
357	365	332
354	372	333
358	366	331
358	365	335
354	372	330
360	369	332
361	377	333
356	372	332
359	368	336
357	373	332
360	367	330
353	368	328
356	371	332
359	371	337
354	372	332
354	369	332
350	374	335
360	374	338
363	365	334
358	373	333
357	367	334
355	368	335
354	372	342
355	369	337
357	367	331
357	370	334
359	369	331
355	371	329
354	373	334
353	375	334
357	375	339
359	371	328
363	372	334
362	372	337
357	373	327
358	370	341
351	371	332
352	370	329
357	367	335
352	369	331
361	372	333
355	368	331
357	375	330
359	367	331
350	370	327
355	372	335
358	368	334
358	371	333
360	372	331
360	374	330
352	375	332
358	363	334
353	370	337
354	374	332
358	370	332
356	368	331
351	364	331
355	365	336
355	370	329
359	365	336
356	372	336
361	372	333
355	369	336
354	369	336
355	370	332
356	374	332
359	366	332
357	369	329
352	375	331
357	370	334
356	375	338
359	372	336
359	368	334
353	371	333
360	366	333
356	361	336
363	373	335
362	369	334
358	374	333
359	368	334
357	377	335
360	374	339
360	369	338
356	375	334
362	372	334
361	377	338
360	376	341
360	373	339
358	375	335
361	372	332
359	374	330
355	373	335
361	370	338
353	374	331
362	373	337
356	375	340
359	372	333
363	373	341
358	376	336
359	376	334
363	371	339
357	375	332
362	376	343
363	369	337
357	376	335
355	372	335
353	374	331
363	379	342
359	372	341
359	376	337
364	373	338
365	374	337
360	376	337
361	372	341
357	377	336
361	375	336
363	372	334
359	376	334
361	375	340
357	378	336
358	371	337
351	371	339
360	375	336
362	370	340
357	377	324
363	374	341
363	376	344
359	377	342
364	375	341
359	376	340
359	374	339
369	371	339
363	380	336
367	377	338
363	378	337
364	381	340
363	373	338
361	379	338
368	378	339
367	376	342
361	376	336
364	376	342
360	379	335
362	376	342
359	375	341
362	377	337
370	378	343
360	378	335
364	382	344
366	379	341
362	377	339
367	373	345
362	375	336
362	375	339
366	377	340
365	379	336
366	379	340
368	377	341
368	378	337
367	378	346
363	380	337
365	382	340
370	373	341
369	384	342
372	383	338
367	379	343
365	383	339
366	371	345
367	379	339
363	385	342
367	382	346
368	379	344
363	376	346
359	378	344
363	381	341
368	378	343
370	371	344
369	387	342
368	379	349
365	380	347
369	380	344
369	379	347
363	386	337
372	383	350
370	380	344
371	385	345
371	382	348
367	382	344
367	382	340
366	377	345
368	385	341
373	382	347
365	386	346
375	382	352
373	383	347
372	387	348
374	380	350
366	385	345
368	385	343
372	378	349
368	385	346
373	381	351
368	382	344
372	386	345
372	381	346
368	387	342
375	387	352
378	387	351
378	386	344
377	385	348
370	394	348
373	386	349
372	385	352
371	386	345
375	382	350
374	388	350
373	385	352
371	386	349
372	390	349
373	382	350
366	382	346
372	383	352
372	383	350
371	385	348
379	385	350
376	385	350
368	387	349
375	383	350
372	385	343
374	390	350
373	385	346
369	390	348
376	386	350
370	385	347
369	386	350
372	382	350
366	385	344
369	384	352
372	390	351
374	386	353
374	387	348
369	391	347
375	380	352
367	384	347
372	390	347
371	384	348
369	389	351
374	387	353
371	384	349
371	388	350
373	382	345
368	381	344
370	387	355
375	381	350
370	389	345
377	383	347
369	387	348
376	385	352
374	385	343
373	392	351
374	383	352
371	389	351
374	389	357
378	385	354
373	387	349
376	382	347
372	386	343
373	387	347
373	384	349
372	386	344
373	385	351
377	390	354
374	388	350
379	388	356
371	389	341
374	390	348
376	385	352
368	389	354
379	387	351
379	389	352
375	395	346
373	384	352
373	388	349
380	392	354
377	386	351
371	392	349
379	386	355
377	384	355
375	388	349
373	390	350
375	387	355
371	394	350
376	389	355
376	389	351
376	388	348
374	388	349
368	389	343
376	391	353
374	390	353
372	389	351
375	388	352
371	387	349
374	388	351
376	388	351
370	389	348
375	389	352
372	390	353
369	387	348
377	384	356
375	387	346
371	390	346
375	381	345
367	390	348
373	386	352
375	383	349
369	385	346
371	383	352
370	388	349
374	384	352
372	388	342
369	382	346
362	379	353
372	384	349
373	380	348
369	386	343
369	383	343
369	383	350
364	381	342
370	384	347
371	384	349
373	383	345
369	381	350
371	379	340
368	377	341
365	380	344
367	382	342
369	385	344
365	381	346
368	386	345
368	378	345
365	381	343
368	381	343
365	377	341
366	383	337
369	379	345
369	380	342
361	379	339
365	377	346
364	381	342
367	379	343
364	376	343
351	380	340
366	381	345
364	380	346
361	379	340
370	375	342
364	376	341
365	381	340
368	380	343
360	380	340
362	373	347
357	372	332
358	377	341
365	374	343
361	375	340
364	374	343
363	373	343
357	377	345
367	374	336
358	379	337
357	366	341
358	375	342
363	374	333
360	371	343
362	375	337
363	377	335
365	372	334
359	377	335
364	370	338
357	376	329
359	373	335
360	372	338
357	373	331
359	372	340
357	374	339
361	366	337
364	372	340
354	371	337
361	375	339
359	369	336
359	372	335
360	369	338
356	373	333
355	369	331
360	371	334
360	374	335
363	370	337
356	379	332
358	374	341
361	372	336
360	375	331
356	365	336
354	374	337
357	371	333
359	367	338
360	373	336
358	374	335
364	366	337
354	368	333
361	370	337
346	377	333
359	376	337
363	372	337
358	372	332
359	367	333
359	375	331
359	373	335
353	368	329
356	374	333
361	363	336
360	373	335
362	369	337
358	369	333
358	374	330
363	371	333
352	374	330
355	371	333
355	368	334
352	374	331
361	370	336
352	370	331
356	370	337
359	370	331
358	372	334
360	366	337
355	368	332
359	370	335
361	372	333
358	376	334
360	372	333
