472	482	418
485	500	444
478	499	423
483	492	425
471	501	424
478	491	424
469	494	424
470	486	420
471	489	421
466	490	417
468	482	420
472	483	417
462	483	410
465	477	414
457	480	412
465	477	413
457	473	409
450	471	405
454	473	398
453	470	403
442	469	395
448	467	403
443	468	397
449	459	392
441	460	398
438	458	390
448	459	391
445	468	389
448	460	391
442	461	392
444	464	389
447	460	398
448	464	398
467	487	425
475	495	424
479	504	435
480	505	435
492	509	444
490	516	453
505	523	460
511	537	464
521	541	468
526	548	484
532	563	488
541	561	508
555	581	514
558	581	523
575	593	533
587	604	537
670	691	630
680	708	649
698	721	654
715	732	669
726	745	686
733	760	703
749	774	711
764	792	723
774	795	731
788	796	748
793	795	759
794	790	778
793	795	785
794	791	796
791	792	795
794	789	792
793	790	796
791	797	795
791	794	797
791	791	794
794	791	797
791	795	794
794	793	798
792	793	793
795	794	797
792	793	795
794	791	796
792	797	795
792	792	797
796	790	797
794	793	794
795	791	797
790	794	793
792	792	797
793	795	795
794	790	795
794	794	794
794	791	795
793	794	794
794	792	792
790	793	794
790	793	792
791	796	794
791	794	793
794	790	796
792	794	793
796	789	795
794	795	793
794	791	795
792	793	797
793	794	794
793	793	791
795	793	796
793	796	797
793	793	796
794	795	796
795	791	795
793	797	796
793	795	791
794	796	796
793	793	794
794	795	796
797	793	796
794	792	795
793	790	795
792	791	793
793	794	794
792	792	794
791	791	796
792	794	792
795	791	796
793	792	795
793	793	795
793	798	795
796	793	799
792	793	795
794	794	792
792	793	796
790	794	795
792	791	796
796	794	792
794	794	795
794	793	794
792	791	796
792	793	793
791	792	794
792	796	795
795	792	796
794	794	798
794	791	796
799	794	796
793	795	794
796	793	799
793	797	792
793	793	797
792	794	793
796	793	795
794	797	793
796	791	798
793	794	796
793	793	797
792	792	796
793	794	794
792	792	797
792	793	795
795	793	795
791	796	792
794	793	796
791	795	793
795	794	795
792	793	796
796	793	796
795	793	794
792	792	795
793	793	792
794	793	797
794	798	795
794	791	796
792	792	796
794	793	795
793	795	795
792	792	799
792	794	796
793	793	797
795	796	795
793	791	796
794	792	796
795	795	792
795	793	794
794	793	792
792	793	795
792	789	796
792	794	794
794	790	798
791	795	793
796	793	797
794	794	794
795	793	792
794	794	793
794	793	795
795	795	795
791	793	795
794	800	795
794	796	795
793	795	793
792	791	794
793	793	792
793	789	797
791	794	795
793	793	797
793	793	793
795	791	798
792	796	795
794	793	794
790	795	794
796	792	793
791	793	794
792	793	794
793	790	796
793	793	794
795	794	794
794	796	793
791	792	792
794	794	795
792	793	793
795	793	796
792	795	793
796	792	797
792	794	793
796	789	794
793	795	793
793	792	798
791	797	794
791	793	795
793	790	797
790	794	794
795	795	753
795	792	748
791	796	735
792	788	735
779	796	724
772	783	720
760	786	711
759	770	696
751	769	695
735	757	685
737	749	682
725	747	668
719	737	667
713	730	660
703	723	652
696	719	644
644	667	598
651	660	592
638	659	587
635	654	587
627	651	570
621	642	566
617	633	560
605	628	557
609	616	554
594	612	544
593	606	540
580	601	535
581	594	522
572	587	524
566	582	515
566	581	514
522	543	471
521	531	470
516	527	455
494	527	449
504	516	451
496	520	443
494	509	438
483	507	437
479	498	427
477	489	425
471	483	413
467	482	411
463	483	409
458	470	400
450	468	399
451	469	389
415	434	359
415	428	360
403	427	351
406	416	351
398	416	353
392	412	336
389	403	344
387	401	328
384	397	330
379	399	328
373	396	316
373	388	320
368	384	310
362	373	306
356	371	306
350	370	296
334	350	271
324	339	283
322	340	269
321	337	268
318	338	260
315	329	257
305	331	269
302	321	252
309	321	259
300	320	251
300	317	250
291	315	243
290	307	241
289	309	243
285	302	230
284	304	234
260	282	215
266	272	210
260	281	201
256	276	202
249	269	201
250	263	192
259	268	197
241	263	194
245	257	197
236	261	182
239	253	192
228	251	183
232	250	180
226	243	180
226	241	176
229	236	170
209	224	157
208	218	152
200	227	148
202	215	146
196	222	149
194	209	142
195	212	142
188	205	135
183	207	136
179	204	133
186	196	133
179	198	128
184	190	126
173	195	124
171	192	128
171	188	114
157	172	106
156	175	108
154	171	102
149	173	104
148	162	103
153	168	98
143	163	94
140	160	94
135	157	88
139	156	83
136	148	79
127	154	79
131	151	76
126	151	72
124	145	71
122	144	71
112	133	64
106	132	56
106	124	56
100	126	56
108	124	49
100	122	52
99	118	48
95	115	44
96	110	47
94	112	37
91	111	46
85	107	37
88	100	35
83	105	28
78	100	28
76	101	27
71	80	19
74	85	16
61	90	16
69	84	14
61	86	17
69	80	13
60	78	12
59	83	8
60	70	6
55	73	2
56	74	1
54	68	1
50	70	0
55	67	2
45	73	0
45	73	0
37	60	0
34	54	0
39	52	0
41	55	0
29	53	0
34	55	0
30	52	0
31	52	0
30	49	0
27	49	0
23	47	0
26	43	0
26	39	0
24	44	0
32	44	0
16	41	0
9	38	0
21	32	0
19	32	0
17	31	0
12	31	0
12	32	0
15	34	0
11	26	0
17	33	0
10	33	0
6	28	0
11	29	0
10	26	0
11	27	0
9	27	0
9	30	0
1	22	0
5	29	0
4	27	0
4	23	0
9	21	0
7	29	0
0	27	0
4	24	0
0	22	0
0	17	0
7	19	0
2	22	0
4	16	0
5	23	0
1	19	0
4	19	0
4	24	0
11	30	0
0	33	0
6	30	0
2	30	0
11	27	0
16	29	0
9	29	0
9	35	0
15	26	0
12	31	0
10	26	0
18	35	0
9	37	0
10	34	0
10	33	0
22	40	0
17	48	0
19	42	0
23	47	0
27	46	0
25	45	0
24	47	0
30	45	0
32	29	0
31	43	0
29	52	0
23	43	0
30	51	0
30	47	0
29	50	0
25	57	0
41	56	0
39	58	0
37	64	0
39	60	0
41	62	0
49	59	0
48	68	0
42	64	0
43	68	0
48	69	0
50	63	0
52	69	2
46	64	0
51	65	0
48	64	2
48	70	3
56	74	9
50	80	6
58	77	9
55	76	13
54	78	8
57	79	13
56	72	2
58	77	10
59	76	10
58	84	12
66	77	18
58	83	7
59	81	10
59	79	13
59	85	16
67	79	11
65	91	20
67	86	17
70	84	18
70	92	17
68	90	25
62	87	18
69	87	21
69	86	18
69	95	17
73	87	23
67	94	20
73	88	17
67	96	23
70	93	23
69	90	25
67	93	19
72	92	24
77	95	19
75	88	22
71	88	18
64	88	15
72	89	21
66	89	22
67	89	19
67	85	19
68	87	13
66	80	16
64	90	16
68	87	18
63	82	17
68	88	15
68	79	13
60	71	4
58	78	4
55	75	10
59	72	4
49	78	5
56	72	9
47	68	0
53	68	3
48	71	0
47	64	0
47	68	2
45	63	0
44	66	0
44	59	0
41	60	0
40	66	0
35	56	0
31	58	0
38	55	0
35	51	0
29	52	0
34	53	0
32	50	0
36	50	0
29	48	0
30	49	0
27	47	0
29	42	0
33	48	0
25	43	0
30	48	0
18	43	0
16	41	0
21	44	0
20	35	0
25	36	0
25	38	0
12	36	0
18	41	0
12	35	0
16	33	0
16	38	0
15	36	0
12	37	0
9	35	0
17	32	0
11	26	0
13	30	0
20	28	0
11	31	0
12	33	0
7	32	0
14	34	0
15	29	0
13	30	0
12	31	0
4	34	0
0	39	0
12	32	0
8	30	0
11	27	0
14	27	0
9	32	0
5	28	0
10	26	0
10	27	0
9	29	0
9	32	0
10	37	0
15	30	0
17	35	0
10	29	0
9	31	0
9	31	0
18	28	0
11	34	0
10	33	0
9	36	0
5	34	0
18	30	0
17	32	0
19	30	0
12	31	0
10	31	0
10	31	0
15	29	0
21	35	0
16	35	0
7	33	0
12	37	0
17	42	0
13	29	0
11	30	0
12	36	0
10	31	0
7	31	0
13	35	0
19	31	0
20	32	0
14	36	0
17	38	0
11	36	0
13	30	0
14	29	0
13	30	0
9	31	0
12	31	0
13	30	0
16	32	0
15	35	0
14	36	0
7	33	0
11	34	0
15	36	0
17	38	0
16	32	0
21	35	0
19	40	0
16	38	0
18	42	0
15	33	0
18	34	0
15	35	0
16	38	0
17	45	0
20	39	0
16	32	0
24	36	0
27	45	0
32	42	0
25	45	0
25	47	0
24	52	0
24	43	0
31	43	0
27	51	0
29	49	0
32	56	0
30	51	0
31	49	0
36	55	0
36	54	0
32	58	0
37	59	0
44	68	0
39	63	0
46	70	0
56	70	1
52	67	2
52	73	0
52	74	3
52	76	0
57	75	8
52	72	3
49	75	13
58	79	4
61	75	10
58	86	11
61	78	11
64	81	17
71	95	26
77	91	31
75	106	24
78	102	31
83	100	31
82	108	29
83	105	37
81	109	36
93	102	37
87	102	36
89	103	41
84	110	41
91	111	48
97	112	46
92	122	46
100	114	46
110	123	61
111	128	57
111	131	62
109	136	65
110	138	66
109	133	71
116	139	71
117	135	69
118	139	74
121	143	69
119	145	67
123	138	75
123	142	77
131	138	73
125	142	72
125	143	78
135	153	87
130	159	84
135	154	88
139	159	87
140	156	91
134	160	89
138	156	91
140	160	87
140	157	93
135	160	93
141	156	94
136	158	90
147	157	97
137	156	90
148	154	92
138	163	89
146	171	93
149	168	104
150	169	89
150	163	101
144	173	97
151	166	99
152	164	99
143	170	100
149	168	96
145	170	103
150	169	99
151	166	103
151	168	91
150	165	101
149	170	95
145	170	104
143	163	99
149	165	100
145	169	99
137	166	102
154	175	97
153	168	96
152	169	104
151	171	99
146	173	100
153	169	99
153	172	100
151	170	103
146	170	106
151	171	101
155	168	102
153	169	105
164	176	113
160	182	113
162	178	111
162	182	120
160	176	119
161	183	119
162	187	114
167	181	116
167	189	110
169	187	116
168	189	112
168	185	117
166	186	113
173	185	120
167	189	117
171	184	116
178	194	134
176	203	131
179	198	131
183	203	133
183	202	140
179	207	130
190	206	139
181	210	142
188	207	137
186	208	144
190	214	147
194	215	139
194	213	138
196	214	147
197	214	145
197	211	150
204	224	158
201	224	153
205	216	162
207	226	158
214	226	165
206	229	167
216	232	169
212	241	167
216	231	174
214	240	169
220	241	173
214	243	169
223	239	170
222	238	175
224	239	172
224	239	178
235	261	180
237	261	197
246	261	185
244	259	194
245	264	190
246	263	199
239	268	200
253	265	199
247	273	201
252	270	197
255	268	204
255	272	202
256	276	209
255	281	207
254	278	215
253	281	210
274	288	220
269	297	227
278	290	228
278	295	225
282	299	229
283	299	232
279	305	232
284	299	238
282	308	234
288	308	237
290	307	239
291	307	237
295	312	243
284	314	237
294	306	241
287	313	245
305	325	265
313	324	259
316	334	266
312	332	253
311	331	267
312	336	266
314	331	271
318	334	267
318	335	264
322	341	271
320	340	267
327	341	277
319	350	278
330	344	277
329	344	276
326	342	274
344	359	291
343	356	295
342	358	292
351	361	296
344	367	300
351	365	293
350	357	296
348	365	294
349	372	305
352	375	306
351	370	309
351	376	313
358	371	311
362	380	314
355	375	304
358	375	313
370	389	320
351	387	319
373	394	316
366	392	322
380	392	328
367	392	322
375	392	328
369	395	329
381	389	327
380	400	327
383	399	321
379	401	330
378	402	332
377	399	337
385	402	334
385	402	328
389	407	344
388	411	338
389	412	344
391	413	346
391	409	349
399	411	347
398	416	341
397	413	346
393	419	350
397	415	349
400	419	349
378	417	345
396	417	351
398	420	348
399	415	349
395	423	349
406	419	360
411	431	356
408	431	365
402	429	356
410	426	357
411	424	368
405	426	357
416	428	363
411	435	366
417	431	366
413	430	367
413	433	345
419	435	370
409	435	368
417	432	365
412	438	374
425	449	376
425	444	380
426	442	376
426	446	371
427	448	379
422	448	375
430	445	381
433	451	378
427	452	358
433	450	381
424	454	383
431	450	381
427	449	378
428	447	379
427	445	383
428	450	379
443	460	387
438	460	394
443	459	389
447	459	392
439	466	389
445	458	399
437	461	389
445	462	391
442	467	397
444	462	397
451	459	396
444	469	391
451	464	395
443	467	395
443	465	398
451	465	406
451	477	399
455	472	408
453	476	403
454	468	400
452	472	405
454	470	406
457	475	410
459	481	405
459	479	390
455	478	407
450	473	407
459	471	411
456	470	407
463	475	407
456	481	410
463	477	408
461	480	408
457	480	413
456	481	407
460	473	415
459	476	408
462	478	409
457	482	410
462	477	407
461	480	405
459	475	404
457	471	404
451	481	409
452	471	408
459	471	407
446	473	396
460	471	405
445	461	401
446	464	392
444	464	391
440	466	396
424	463	392
441	456	390
437	458	391
442	455	387
437	457	385
429	448	387
437	449	388
431	448	383
431	444	377
430	450	381
430	447	376
426	444	377
407	432	358
411	428	357
405	425	357
411	423	357
403	425	361
403	424	353
409	420	351
401	422	350
400	414	348
394	419	352
398	414	349
395	409	341
394	410	341
392	411	344
391	409	337
385	409	338
380	396	329
374	398	319
375	390	324
367	394	324
374	384	317
369	390	322
369	393	319
365	379	322
364	386	318
368	382	314
371	382	314
365	382	315
362	383	306
351	385	307
356	377	309
354	375	307
349	372	306
352	371	301
354	372	303
348	373	297
348	369	298
344	372	300
350	360	298
342	366	293
347	361	288
343	363	295
343	363	296
339	357	294
341	369	297
348	354	289
339	364	288
337	360	291
341	359	294
345	357	297
338	358	295
348	357	293
345	369	289
345	365	289
343	360	293
339	359	290
346	357	300
342	360	292
343	361	290
342	365	293
348	356	293
348	363	293
342	361	286
342	363	297
343	358	291
341	364	300
348	362	301
348	369	300
351	370	304
346	372	303
352	364	305
352	368	309
354	367	304
352	371	301
359	376	296
357	374	309
356	378	304
358	372	300
359	372	307
349	381	304
366	377	315
362	386	318
368	386	321
373	385	319
372	392	320
375	387	319
365	393	325
372	393	325
370	389	322
370	392	320
371	388	323
372	396	328
377	393	328
375	393	323
375	395	326
376	395	334
381	406	344
386	408	335
394	409	339
389	412	344
389	404	343
391	413	347
391	407	339
393	408	348
394	413	346
401	411	345
391	423	344
397	418	346
395	422	353
399	421	349
399	416	349
398	423	352
406	428	363
412	429	362
415	435	365
414	435	358
417	434	371
402	438	365
420	434	369
419	437	371
417	436	367
420	436	372
420	439	365
422	438	365
422	433	375
416	435	369
421	436	373
416	442	375
428	447	380
436	445	382
430	454	379
428	452	383
426	451	379
435	447	379
430	452	383
430	449	379
430	454	388
434	454	386
435	449	386
429	457	383
437	452	384
436	454	387
432	455	382
440	451	391
444	456	392
441	463	392
440	459	398
443	463	389
445	466	399
443	467	393
443	465	400
449	463	405
443	468	398
449	463	400
446	470	397
451	467	404
455	472	404
452	472	395
457	456	402
446	471	397
457	476	412
462	475	413
466	483	407
461	486	410
461	474	413
457	480	405
458	480	395
461	485	415
456	480	411
461	484	418
459	487	413
468	480	416
463	484	418
459	490	415
468	487	418
461	484	415
478	492	417
472	490	425
469	489	429
475	497	427
477	489	428
472	497	424
478	496	424
478	498	429
483	502	424
480	499	430
476	499	430
481	496	434
479	499	429
480	497	424
479	498	427
480	496	432
487	511	443
486	515	443
494	510	444
496	516	448
495	514	439
498	510	450
494	511	440
499	514	449
495	515	439
493	515	442
497	495	454
498	517	447
498	516	449
494	519	446
500	517	446
499	517	455
511	528	456
511	527	462
505	527	464
514	528	462
514	533	459
515	533	457
514	531	469
511	535	462
517	530	468
515	530	458
511	531	463
508	531	469
513	535	468
519	530	468
517	534	466
520	530	467
528	538	474
521	543	472
523	540	471
527	539	474
526	550	474
529	543	479
524	546	476
531	546	479
525	549	481
534	547	479
532	553	482
531	552	478
536	550	479
528	548	481
529	551	482
530	557	489
534	560	494
537	556	492
538	557	492
542	559	483
538	566	498
541	559	488
546	559	488
538	561	491
544	562	496
539	561	496
541	563	492
542	564	492
539	564	484
546	559	490
539	562	492
543	556	486
540	563	498
545	568	498
547	561	493
549	565	494
543	569	495
547	568	502
546	568	491
553	567	496
546	566	494
548	565	501
543	564	494
543	564	497
545	561	500
541	565	492
546	561	501
548	571	492
551	568	496
548	574	497
549	568	494
550	556	499
550	567	495
552	566	504
542	565	498
550	562	495
557	574	500
545	567	493
547	567	503
544	568	500
549	564	499
546	568	497
545	568	501
548	566	503
547	569	501
545	570	501
553	565	499
550	568	499
555	568	495
550	570	497
545	569	503
546	563	505
549	568	504
555	567	505
548	572	496
550	570	501
550	570	501
547	565	502
553	571	502
550	573	499
557	569	499
553	570	501
546	575	498
556	569	505
552	574	501
556	574	504
552	573	504
557	574	500
550	576	503
555	572	496
554	570	505
552	575	505
554	566	505
552	576	510
556	570	501
553	572	500
546	570	503
549	579	499
557	567	505
556	577	501
553	573	509
547	575	505
553	571	507
553	575	508
550	568	507
549	569	508
551	569	494
557	571	504
548	569	495
551	567	504
548	570	502
544	569	496
552	571	499
545	573	502
553	568	502
556	569	508
556	572	501
553	570	499
551	573	503
547	567	506
550	570	496
550	570	503
542	571	501
553	567	497
550	571	504
545	569	493
549	567	501
545	573	498
551	572	502
548	574	499
553	567	501
554	571	504
552	571	499
550	572	509
546	568	501
552	568	504
555	566	502
551	572	499
551	573	501
548	572	502
546	565	499
547	569	498
548	562	477
548	568	497
541	570	503
545	572	491
547	545	498
544	569	497
547	563	495
540	572	499
546	563	484
543	563	496
541	556	488
543	560	496
543	559	491
543	556	493
536	565	490
541	556	496
539	557	488
534	557	482
530	544	478
535	545	481
524	543	479
527	541	480
526	550	467
521	541	479
515	540	473
524	535	463
511	533	471
511	534	465
520	529	464
511	534	456
515	528	459
507	527	454
503	528	449
509	525	450
484	501	439
484	506	439
483	502	434
478	498	428
486	502	425
484	500	429
478	492	419
476	488	425
466	490	420
467	482	417
466	478	419
461	479	407
458	474	410
455	474	404
450	473	401
447	466	397
437	454	377
431	449	386
424	448	379
431	446	376
421	440	372
420	436	372
425	435	373
415	439	365
416	431	365
416	430	362
410	429	358
413	425	356
408	422	358
408	422	356
405	419	348
400	420	343
386	410	335
390	404	339
382	409	340
379	401	336
386	396	333
379	402	328
380	395	331
373	399	323
380	384	327
372	394	324
372	389	321
370	386	325
363	388	315
366	381	312
361	383	319
365	382	312
364	380	317
360	379	309
361	373	301
358	379	308
352	377	306
360	377	309
358	374	301
360	374	306
354	373	301
352	371	304
357	373	308
353	375	299
351	373	304
354	375	310
352	373	307
355	372	307
333	370	304
355	365	303
354	372	297
352	374	308
352	377	305
350	373	306
348	368	308
350	370	299
360	374	307
349	378	300
358	371	304
353	376	308
351	371	310
353	375	304
359	379	305
352	372	311
361	381	314
361	381	310
358	382	309
355	382	309
363	377	312
363	385	311
366	379	312
360	385	309
362	382	310
360	380	314
360	386	311
366	383	319
367	389	322
363	384	321
367	387	319
369	392	320
379	393	325
378	393	331
371	401	325
378	397	327
381	404	326
377	401	336
384	405	335
378	401	326
385	402	338
383	402	326
388	400	333
383	406	327
383	405	331
379	403	336
382	404	337
386	397	336
387	407	339
387	412	342
390	411	343
395	413	341
395	415	342
390	415	349
394	415	343
394	415	347
397	416	349
394	415	348
403	414	348
394	418	346
399	417	348
399	421	353
399	423	347
405	420	350
394	422	358
405	428	353
409	421	358
408	428	354
406	426	362
408	428	360
405	424	358
413	429	363
408	428	358
414	426	356
410	427	355
416	427	354
412	428	358
408	429	358
412	425	360
409	430	354
414	433	368
416	437	366
414	437	368
418	434	374
412	437	366
416	434	364
414	439	368
419	439	363
425	438	373
420	442	367
425	440	367
416	437	370
420	443	372
425	434	370
417	439	371
423	441	376
429	443	369
420	442	373
422	442	377
427	445	377
425	449	374
430	446	384
424	453	380
432	449	380
431	448	385
432	455	378
431	444	384
428	449	385
431	452	380
428	451	380
427	451	382
436	449	384
438	451	385
431	454	394
441	456	382
447	458	386
433	463	388
442	459	397
433	456	387
442	459	391
444	457	390
436	455	388
440	459	392
444	465	395
442	461	395
441	463	390
449	463	396
445	466	398
446	465	398
455	465	392
444	476	402
443	466	398
451	468	409
450	479	397
459	467	402
453	478	403
450	470	404
452	471	408
456	472	407
460	468	407
452	471	402
458	473	409
454	474	408
456	478	399
469	481	413
461	487	412
465	480	414
462	483	419
465	489	418
468	483	416
465	489	421
465	484	423
468	487	421
469	488	416
466	484	420
462	489	414
466	488	411
465	487	414
466	487	419
472	486	419
480	494	424
475	497	430
472	495	428
483	494	431
477	501	426
486	502	430
478	501	426
479	503	430
485	500	436
482	506	432
486	500	437
481	503	442
484	507	422
483	503	440
482	505	437
486	500	441
494	513	441
496	511	446
495	510	440
498	515	446
487	514	437
491	514	445
494	516	446
491	510	430
493	514	445
494	509	443
491	511	449
493	518	441
497	511	449
495	516	445
499	513	445
495	513	449
493	522	448
505	518	449
501	521	448
495	522	455
504	515	453
501	522	454
504	518	451
501	524	451
503	519	448
500	515	456
497	519	448
503	521	454
505	523	450
502	524	456
504	529	459
504	523	450
507	524	458
504	526	464
506	526	456
510	520	462
509	527	452
514	527	460
505	532	459
505	522	459
507	526	461
506	532	459
513	527	460
505	528	456
513	524	461
509	530	459
509	524	451
507	526	463
507	532	465
508	531	454
513	535	463
509	531	455
511	523	460
511	528	454
509	531	465
504	530	462
503	528	457
510	528	465
508	531	457
509	528	455
510	533	460
507	526	457
510	525	465
510	533	460
511	531	458
518	526	460
510	532	457
513	529	463
507	533	461
515	531	455
509	535	463
503	524	460
511	522	460
511	527	454
510	525	465
508	530	457
511	529	462
511	528	463
507	522	460
511	532	459
508	534	460
511	524	459
511	537	461
507	528	460
510	527	457
511	530	460
508	527	462
510	527	456
509	523	469
509	531	458
511	530	460
505	528	457
508	529	463
508	528	462
511	532	462
511	522	461
509	527	462
511	527	465
510	529	457
516	531	456
507	533	463
510	528	463
518	525	464
507	529	456
513	529	459
509	529	457
506	532	461
511	527	467
506	529	457
513	530	468
510	531	460
510	530	464
514	527	459
509	527	467
511	532	464
516	533	464
510	531	463
515	529	465
510	534	463
511	534	461
510	533	467
513	532	462
515	531	465
513	537	463
509	524	461
505	531	467
515	524	460
513	533	463
507	533	468
509	538	463
513	532	462
509	535	460
511	532	463
509	533	465
509	525	459
515	530	464
514	532	461
511	523	459
507	529	453
507	530	461
507	530	460
502	523	454
506	525	464
504	522	454
504	519	452
499	516	456
494	519	453
503	514	451
500	519	449
491	514	442
496	515	451
492	511	444
496	515	448
489	515	444
491	506	440
492	507	439
488	507	435
491	504	437
486	507	429
485	499	431
470	494	422
468	487	419
469	481	421
463	485	411
472	484	419
462	482	407
462	479	407
458	475	411
455	474	402
462	471	404
454	476	404
452	469	402
446	467	397
444	470	396
446	459	391
436	461	385
429	448	380
426	441	372
422	442	378
418	443	370
423	438	373
413	437	367
413	430	364
408	435	361
412	426	360
408	423	364
408	417	352
409	418	354
405	421	346
393	420	345
397	414	347
395	418	347
380	400	332
380	395	330
380	394	324
378	398	332
370	391	328
379	387	323
376	396	320
365	393	315
366	386	317
361	388	313
371	381	315
358	386	314
364	380	317
362	381	314
357	377	309
360	374	306
350	371	299
350	372	299
346	367	301
349	361	294
350	362	299
342	367	299
346	368	298
346	368	293
345	365	296
346	369	297
342	362	289
339	360	291
337	363	294
344	353	289
341	355	288
340	360	285
338	357	291
339	357	293
342	357	293
335	357	293
339	356	289
342	358	292
340	360	287
344	358	289
340	356	288
338	358	291
340	359	293
336	361	290
337	354	290
332	357	291
335	352	285
333	359	292
340	364	296
341	369	295
351	361	297
346	366	299
345	366	300
346	349	297
350	370	296
353	366	301
346	377	300
349	366	301
347	372	299
353	368	306
355	370	300
354	376	303
354	371	302
352	375	310
363	379	311
361	386	317
370	384	317
363	389	319
367	387	321
370	393	312
370	386	316
369	395	326
368	391	322
368	390	321
364	390	320
374	390	327
369	390	318
374	392	325
372	390	327
368	391	322
385	400	341
383	403	338
386	401	335
390	403	337
392	412	335
390	407	339
387	410	331
392	407	344
382	408	342
393	403	336
387	409	341
386	412	340
396	413	346
394	413	340
386	412	340
389	409	349
401	424	346
406	421	351
397	422	350
402	417	353
400	424	351
407	416	354
399	423	352
401	424	349
410	421	355
405	427	350
406	425	352
400	420	356
399	426	351
409	422	356
398	430	356
408	421	357
410	427	355
404	431	365
410	426	361
416	425	366
408	433	364
415	428	361
416	435	366
417	433	364
415	431	361
409	434	364
413	428	369
409	429	360
409	430	364
417	432	364
409	436	361
416	429	370
418	432	367
418	438	369
413	432	362
424	435	373
416	443	369
420	437	367
415	437	364
413	437	363
418	438	370
415	445	368
417	437	366
416	440	371
425	443	369
423	446	373
418	445	371
421	436	362
426	443	379
423	445	379
426	445	382
422	448	376
428	445	381
425	447	377
427	448	361
429	445	376
424	452	372
428	442	378
431	447	381
431	453	377
430	444	385
422	448	382
427	443	377
428	452	379
437	457	383
440	460	392
435	458	379
439	454	390
433	456	384
435	453	393
439	455	391
437	451	385
443	461	388
436	456	386
439	452	390
440	462	393
441	454	391
440	459	395
436	453	391
441	460	392
447	463	400
449	475	394
446	469	406
444	468	397
453	469	403
448	468	401
448	468	401
456	469	403
455	480	405
455	473	400
451	480	404
452	473	403
456	473	411
450	479	403
459	476	414
458	480	413
465	489	417
469	482	408
467	489	420
460	486	422
471	482	419
468	488	416
469	485	419
473	492	427
471	492	412
472	489	421
467	492	419
475	487	423
471	492	425
473	489	424
470	489	430
469	490	423
480	499	431
477	499	438
482	499	435
482	505	435
479	505	431
485	501	439
484	503	433
481	500	435
486	508	433
482	500	431
483	503	438
484	505	436
490	508	439
486	504	437
482	503	437
484	504	443
491	509	438
496	511	444
491	509	434
498	511	439
492	517	447
487	514	441
495	511	446
490	511	441
501	511	441
492	515	444
489	517	444
496	515	453
488	519	447
493	510	449
495	519	457
499	509	449
501	519	452
499	518	451
495	520	451
505	519	449
503	525	457
505	525	456
505	521	456
504	529	451
501	521	451
500	522	455
505	521	456
510	521	450
500	522	445
501	524	457
499	523	448
500	519	457
506	521	457
503	526	456
508	524	455
509	525	458
506	525	456
507	529	462
501	526	449
506	521	458
505	528	458
503	519	451
504	527	455
500	518	454
509	518	457
501	525	454
506	521	455
507	526	460
505	527	456
508	527	460
503	524	458
510	527	462
507	527	456
508	520	455
502	531	457
504	519	453
504	529	458
506	519	455
501	517	455
504	529	455
511	521	447
499	527	457
498	521	451
507	522	460
504	527	457
507	524	457
506	523	451
508	521	454
506	525	460
503	523	460
502	524	453
507	523	451
508	527	462
503	528	459
511	521	455
506	528	455
510	520	452
503	518	451
499	518	457
504	519	453
502	522	464
502	527	457
509	526	461
507	527	454
510	519	453
508	529	457
504	524	454
508	524	462
502	528	455
505	528	463
506	528	461
510	521	459
515	528	457
511	526	455
505	531	462
502	530	459
511	527	454
506	529	468
505	529	465
518	523	463
513	536	457
512	528	460
511	534	459
515	527	466
507	533	461
507	535	461
517	531	459
508	537	464
514	532	464
513	535	465
515	534	460
509	528	463
508	536	464
513	532	462
513	530	469
518	534	459
517	530	463
509	535	471
520	528	466
518	531	463
519	539	460
519	530	467
510	536	461
510	528	444
511	537	464
509	534	464
511	526	461
509	532	462
510	530	452
510	532	463
512	535	455
511	523	459
509	529	452
505	523	459
505	527	453
507	524	437
505	520	451
501	521	452
508	521	452
499	522	448
499	519	447
500	519	448
492	516	441
496	511	448
481	506	435
486	508	436
484	505	434
481	504	431
481	494	429
479	500	426
482	498	427
474	496	425
474	493	422
474	491	423
468	494	419
469	484	415
467	485	419
464	486	410
465	480	411
454	478	404
441	468	390
438	459	391
442	459	392
437	455	378
433	456	383
425	452	377
428	448	377
427	446	378
428	438	369
422	433	372
414	435	363
420	432	359
409	435	362
410	428	354
411	427	362
407	426	354
395	409	335
388	404	340
383	410	333
383	400	336
379	400	326
375	400	332
379	391	326
373	393	320
374	388	319
372	393	319
369	383	318
367	387	321
364	386	315
360	381	310
354	379	308
356	375	306
350	362	301
348	367	295
349	363	295
342	367	293
345	363	296
340	359	292
342	356	291
342	359	294
340	357	286
338	352	285
331	355	290
334	359	286
338	354	284
328	356	276
333	348	281
324	350	280
326	347	273
325	348	281
319	348	280
325	343	276
333	347	278
323	348	272
323	349	279
316	344	269
326	340	275
316	340	269
316	337	271
322	341	276
321	347	274
321	339	273
317	341	273
315	335	268
325	343	271
321	341	280
323	346	274
330	343	276
323	348	280
329	342	272
324	349	276
328	345	278
330	342	277
323	355	281
330	344	283
327	349	287
334	344	282
336	351	283
327	348	277
332	348	280
337	352	293
341	362	291
341	360	297
341	361	291
340	365	289
342	362	295
342	366	294
345	361	302
346	361	292
346	365	292
347	363	302
344	362	294
346	368	296
344	371	298
348	371	301
347	366	303
359	378	309
360	382	316
354	378	310
364	379	314
359	383	314
369	383	308
365	387	318
363	387	313
365	379	323
368	389	321
371	383	313
369	389	319
368	391	321
372	392	327
368	395	318
372	388	319
382	399	327
375	402	332
378	400	328
385	401	333
379	404	332
383	397	338
382	406	333
383	407	337
383	411	337
390	402	336
390	411	337
385	412	332
386	410	335
383	413	342
391	411	342
393	411	347
397	415	354
402	415	334
404	419	347
391	422	349
396	412	348
396	421	356
399	415	349
402	424	354
403	420	351
403	419	357
401	418	350
400	418	354
396	422	348
405	422	349
400	415	352
399	420	346
409	427	353
410	427	356
402	431	359
407	423	360
406	430	356
407	428	354
411	410	359
406	429	357
417	426	359
410	431	356
416	429	362
410	427	363
408	434	358
411	430	365
413	431	366
412	427	363
417	435	368
412	434	363
421	430	365
412	436	362
418	433	360
418	433	365
415	441	368
421	439	371
416	442	373
422	442	366
422	442	376
419	441	371
422	436	373
419	442	370
415	438	373
415	437	378
426	444	380
428	446	375
419	447	373
430	444	376
425	450	382
433	447	383
427	453	379
434	451	384
434	453	386
437	449	377
440	451	388
437	457	386
439	455	388
436	456	385
439	455	380
442	453	384
445	458	397
443	464	401
445	462	393
453	467	397
444	465	389
446	470	402
440	469	398
451	465	403
445	470	401
441	463	395
448	464	401
445	471	397
453	468	401
449	473	405
455	464	405
459	465	408
451	480	408
461	477	407
459	484	409
458	476	405
462	484	415
462	478	411
463	479	412
462	482	410
459	481	407
465	486	415
463	482	409
471	486	420
465	488	414
469	486	421
470	488	421
470	487	416
466	490	430
474	497	430
475	493	426
478	501	429
481	476	429
475	498	423
483	497	432
479	497	423
471	493	421
476	495	432
475	501	429
481	501	428
480	505	429
481	502	430
487	501	436
478	505	431
488	508	433
489	507	443
488	513	445
491	505	438
493	509	446
490	513	438
493	508	441
490	519	449
495	511	443
493	512	445
492	511	445
499	510	441
495	518	440
497	508	442
492	515	439
494	511	444
505	517	455
498	525	452
502	521	456
503	521	457
504	519	449
502	526	453
500	525	446
503	523	459
498	522	455
505	516	454
498	524	448
502	520	451
510	519	453
499	528	452
502	524	445
500	524	453
511	527	458
515	525	458
511	529	457
510	528	460
507	527	455
513	527	462
513	533	460
506	531	457
509	528	460
505	531	459
509	524	463
509	532	457
508	525	451
507	535	461
508	526	461
514	526	466
510	530	470
511	534	461
511	529	465
511	531	457
516	534	463
509	538	463
511	528	459
513	514	466
513	531	461
514	527	462
511	538	464
519	532	469
515	530	463
511	532	463
513	532	466
509	537	464
511	542	472
517	535	464
514	537	469
517	535	471
520	536	465
516	537	464
517	535	465
515	541	470
519	535	471
515	534	474
517	539	463
520	527	467
515	537	464
518	533	466
515	537	464
515	535	461
521	537	474
518	540	468
519	537	471
516	539	472
523	537	472
522	538	474
522	536	465
521	530	471
518	539	464
520	534	473
516	540	464
515	535	462
513	534	472
513	542	466
522	535	471
515	534	461
522	538	471
521	538	476
522	543	472
524	543	471
513	542	468
522	536	474
511	541	472
520	537	471
516	540	467
518	544	469
525	537	467
513	542	467
521	534	467
516	536	470
513	537	469
520	536	473
524	535	466
519	535	464
520	536	469
517	532	468
511	534	465
518	537	471
514	540	463
522	537	466
513	537	465
515	534	468
514	536	469
514	537	466
518	536	471
516	535	468
521	525	463
519	535	469
511	532	469
517	533	464
515	535	469
517	532	460
520	537	463
509	538	466
516	531	465
511	536	465
514	532	462
514	531	462
506	533	461
511	530	467
505	529	459
514	529	461
509	532	463
509	522	457
507	529	455
511	507	460
498	522	459
505	523	458
502	524	453
506	521	453
500	519	449
498	519	453
502	511	450
498	517	447
500	516	451
496	516	443
496	509	440
488	515	450
490	509	443
496	508	446
482	503	429
486	493	424
476	498	429
474	498	421
479	496	428
471	498	425
472	490	426
465	484	421
462	484	416
468	486	420
462	485	416
466	483	416
465	485	412
459	479	408
455	476	407
451	476	403
439	457	393
440	458	381
439	456	388
426	453	378
433	446	385
428	448	377
427	445	374
424	445	374
418	440	370
418	440	373
419	444	366
413	435	363
410	432	365
413	433	354
413	424	357
405	424	355
389	413	334
391	409	337
382	403	334
381	400	334
386	402	330
378	402	328
383	395	329
376	396	325
374	393	327
378	395	321
371	397	320
375	389	322
366	388	312
365	382	310
359	380	306
353	382	309
353	369	300
349	369	298
349	363	298
346	371	295
347	365	300
346	361	296
342	364	290
346	364	293
336	358	284
336	355	289
337	360	286
339	354	284
334	349	288
330	352	281
331	345	265
329	350	282
331	342	281
324	349	278
328	342	276
326	347	280
320	345	273
329	338	276
321	343	276
330	343	276
325	347	279
321	345	269
322	336	274
318	341	272
321	338	267
320	341	269
316	336	274
320	339	273
323	339	277
322	345	273
327	341	275
326	344	275
332	346	274
325	347	276
324	345	273
328	349	281
323	347	279
333	348	287
330	346	278
329	347	280
336	352	279
337	355	283
329	346	281
330	353	286
340	360	285
340	357	295
343	361	292
348	364	294
347	364	295
344	368	296
348	365	302
349	363	299
353	369	301
350	366	297
350	372	297
351	369	300
347	373	302
349	364	301
346	370	300
349	372	304
363	383	313
365	383	314
367	388	315
367	385	319
362	386	317
366	389	320
363	388	321
368	386	321
364	385	326
367	390	324
375	385	323
368	390	321
365	389	317
371	396	327
369	396	325
376	391	330
379	407	336
383	405	332
385	405	333
382	405	337
386	403	333
387	408	334
387	406	340
387	404	334
391	404	337
386	410	338
390	404	335
385	406	344
391	412	341
396	410	345
389	413	345
391	407	349
398	416	350
398	421	348
401	420	353
398	405	348
405	421	351
398	422	358
398	423	351
409	421	358
400	422	353
404	422	358
403	426	354
402	430	355
406	421	353
401	428	358
409	423	356
402	426	355
411	429	363
417	425	359
408	434	364
411	427	367
415	429	366
413	433	361
415	435	369
411	439	354
415	429	368
415	435	370
412	435	361
421	431	366
413	432	362
411	430	367
412	435	365
413	437	361
421	444	367
419	437	378
421	437	369
422	437	372
423	445	373
418	441	368
420	437	372
418	441	366
422	443	376
421	448	369
420	442	371
427	443	380
420	444	373
422	438	376
419	441	375
425	444	371
431	443	384
428	452	383
433	448	380
430	451	376
429	452	383
431	450	383
434	451	378
435	449	381
429	453	380
436	451	385
431	457	389
435	450	385
432	455	389
428	456	383
438	452	388
435	458	385
437	458	397
446	465	393
451	467	400
440	468	395
452	467	401
443	469	397
450	468	397
446	464	402
444	467	398
454	468	403
444	470	398
449	466	401
452	473	404
450	468	401
454	470	404
452	475	401
464	482	410
469	484	417
463	480	414
459	484	418
469	483	416
462	488	418
466	483	417
467	485	423
468	487	415
470	488	417
462	494	419
471	487	414
468	487	423
469	488	422
475	487	427
471	492	419
480	497	427
481	500	430
475	505	432
479	499	439
484	499	428
488	500	427
485	507	428
478	501	432
485	503	437
482	511	436
488	501	431
483	507	435
484	500	436
493	503	442
488	509	440
489	505	443
491	510	444
487	509	446
502	509	443
492	519	438
495	515	443
491	514	443
493	510	448
494	515	452
498	515	445
497	514	445
498	516	450
501	511	453
503	515	454
498	516	450
504	516	455
499	514	447
505	522	458
509	529	457
504	524	457
501	526	454
506	521	458
505	528	457
507	524	460
502	527	450
508	525	455
513	524	458
504	526	451
506	526	446
506	526	461
507	526	460
502	522	459
506	531	455
509	533	460
518	525	458
510	532	459
515	526	461
511	534	462
510	529	461
511	526	462
506	534	462
516	529	465
508	537	460
510	530	467
509	531	469
517	533	456
518	528	464
511	530	458
511	529	467
515	532	464
511	534	459
514	536	464
513	533	466
514	529	469
513	538	468
519	534	468
517	533	468
515	533	468
521	540	470
517	538	467
514	531	470
515	538	474
518	532	466
521	531	466
511	535	465
521	539	467
513	540	469
522	533	467
518	539	473
515	537	463
519	537	476
516	543	466
518	534	475
520	539	469
525	532	472
519	540	467
525	543	467
518	543	472
516	542	469
521	535	468
511	536	471
518	544	475
521	545	471
525	538	473
517	542	470
525	540	476
524	539	471
525	541	471
519	543	471
519	540	474
524	536	474
517	544	468
523	539	471
522	526	475
518	536	467
519	539	473
519	546	471
524	539	467
524	537	472
524	541	472
522	538	467
517	540	476
521	539	468
520	536	474
521	545	475
526	534	470
522	544	473
521	542	471
521	537	473
515	540	463
516	536	470
514	541	467
521	535	468
516	533	465
511	539	459
518	534	470
509	538	468
515	532	465
513	528	464
506	529	457
517	531	458
506	530	463
507	528	465
513	530	460
506	525	453
507	521	460
502	527	448
504	523	449
501	520	450
500	519	448
493	511	448
498	513	438
495	513	447
490	511	442
493	507	440
490	503	440
486	507	430
491	503	433
477	501	427
481	501	434
479	500	429
481	496	424
471	496	427
473	495	418
475	489	421
455	480	407
456	481	406
453	472	402
458	465	403
455	474	403
453	469	404
448	474	395
451	466	404
440	465	403
446	460	399
444	464	394
435	459	386
435	452	388
433	456	384
435	451	386
432	448	383
412	434	372
416	439	365
420	432	369
409	434	362
413	429	361
413	428	362
407	423	347
401	427	353
401	422	350
399	415	351
390	414	341
394	413	339
390	405	343
385	408	333
390	406	341
384	408	336
376	396	309
375	397	328
367	390	325
373	385	320
365	391	313
374	388	319
368	387	317
361	380	306
358	382	319
355	380	314
363	375	310
358	378	304
352	371	300
361	373	310
357	375	302
355	374	305
343	366	295
350	361	299
343	367	296
349	367	289
343	368	300
347	362	294
347	363	299
341	363	293
347	361	294
338	362	289
338	357	294
343	356	294
341	361	287
346	360	295
343	362	293
341	358	295
350	357	289
345	360	289
344	362	294
340	363	296
343	367	292
347	359	296
338	363	294
341	361	295
349	367	301
344	365	292
345	364	295
347	370	302
348	362	300
350	365	298
345	368	292
349	363	305
355	375	308
355	380	310
355	377	310
361	375	309
359	376	315
362	379	314
359	373	311
361	383	316
361	380	304
361	381	315
360	389	311
364	378	311
363	383	314
360	385	313
372	385	321
369	391	317
376	395	324
382	398	332
382	399	328
385	400	330
375	405	329
380	393	333
380	402	331
385	400	325
386	407	331
377	404	333
385	406	341
385	409	334
386	403	343
390	413	338
390	411	341
389	408	340
401	419	345
402	420	356
394	423	353
403	418	352
404	428	354
404	418	350
400	426	355
402	424	355
403	423	357
404	427	359
411	427	358
403	428	353
408	427	356
408	421	357
403	430	362
413	431	362
414	431	369
417	434	366
418	433	365
416	433	368
419	440	369
420	435	367
421	439	375
418	439	367
416	441	368
420	440	374
419	438	373
420	435	368
423	441	368
420	442	367
424	436	373
419	437	374
428	447	379
428	438	377
428	448	373
430	451	373
426	444	374
420	450	375
429	443	381
419	447	380
425	446	373
426	443	377
427	450	376
433	447	378
425	446	372
426	441	370
420	440	375
421	445	370
433	454	378
433	448	387
431	450	375
437	450	382
428	453	381
429	453	382
427	446	389
431	445	382
431	449	382
434	455	381
434	449	380
427	457	385
436	456	386
430	457	385
433	455	388
434	451	387
431	453	388
435	451	391
436	452	390
438	458	387
441	459	391
438	459	393
441	459	392
442	460	398
442	464	392
443	459	392
441	458	394
444	464	396
444	461	392
435	464	387
447	462	392
444	461	396
441	470	402
450	470	403
449	474	404
447	470	396
452	469	408
449	469	401
456	471	404
453	469	401
451	472	398
455	473	406
449	475	399
458	470	411
455	479	407
454	473	402
457	475	410
457	479	407
461	476	414
464	483	419
458	483	419
468	479	418
461	485	412
463	484	409
470	486	415
464	488	419
469	487	421
470	493	423
471	494	417
471	488	424
471	485	416
469	484	416
469	492	423
467	489	423
476	495	424
475	497	427
479	495	432
476	502	435
477	502	430
480	496	436
479	498	428
480	492	431
477	500	429
479	499	430
482	500	439
483	496	428
484	496	427
479	501	426
481	498	427
483	503	434
480	503	438
487	509	443
483	511	437
488	503	433
491	511	436
486	511	440
492	507	442
485	508	443
491	509	439
491	509	437
485	507	441
493	511	440
488	512	442
497	507	441
493	511	447
492	511	440
501	515	447
493	518	448
503	517	442
495	520	447
497	515	444
498	516	457
495	521	445
506	520	453
499	522	448
499	522	452
501	521	456
498	519	438
499	521	456
501	521	459
501	515	449
500	517	455
499	523	454
504	527	455
511	525	456
507	525	449
507	528	462
507	526	461
510	521	455
514	528	459
504	529	451
505	526	461
505	528	457
506	526	455
507	527	455
502	521	458
509	523	456
500	529	457
508	524	461
509	531	463
511	528	463
511	534	460
510	533	460
511	532	462
510	533	456
514	525	460
509	533	460
509	527	457
511	528	455
505	531	462
511	522	463
507	535	464
512	523	461
504	525	461
511	537	463
517	531	462
508	537	460
514	530	468
514	533	461
517	528	461
509	516	464
513	531	462
514	534	460
508	536	462
514	534	464
511	525	463
506	526	459
514	526	464
504	531	463
513	530	467
509	529	462
511	529	457
511	526	463
511	525	463
510	531	457
513	533	468
510	530	457
513	531	462
514	528	467
510	527	463
511	528	457
506	535	458
510	527	457
506	527	462
510	524	459
501	526	456
508	525	458
510	528	461
507	529	459
511	523	462
511	526	458
509	531	457
509	529	464
497	527	455
506	520	457
507	527	456
507	519	454
505	526	463
487	525	454
504	521	457
506	523	455
505	519	450
503	524	445
504	519	458
500	523	448
502	518	458
500	522	445
500	518	452
501	526	450
495	520	445
502	519	453
495	518	444
500	511	453
500	521	446
496	511	445
496	517	445
497	517	441
500	511	448
487	508	441
490	505	433
485	503	440
483	508	440
493	502	440
485	506	430
490	503	437
481	503	430
478	502	431
484	497	436
480	503	429
482	498	432
476	498	430
476	496	421
476	491	421
469	491	417
455	480	414
465	480	411
460	479	411
459	477	401
456	477	410
450	475	404
448	466	405
448	467	396
443	462	389
446	461	393
443	462	392
442	458	392
437	460	383
431	454	381
432	452	383
431	452	379
420	436	364
418	428	364
408	434	359
411	424	355
399	421	355
398	417	350
406	417	358
398	420	346
396	411	343
396	411	348
392	408	336
390	411	335
385	407	332
386	398	338
376	399	326
380	399	334
360	379	315
360	379	310
365	379	310
356	383	308
364	370	307
357	373	297
352	373	304
353	369	299
352	370	299
344	362	295
339	366	295
344	358	293
336	358	287
343	362	285
342	356	292
333	358	277
327	341	279
325	347	278
322	341	274
326	342	275
327	346	271
323	340	269
315	344	272
317	342	270
324	339	274
314	335	263
314	332	267
313	337	268
319	328	262
309	330	263
310	327	259
315	330	268
311	333	261
311	329	257
315	329	251
308	333	261
305	327	257
309	324	260
307	330	259
310	326	257
308	327	257
309	324	260
316	327	262
308	327	257
314	324	262
314	330	268
312	331	255
317	332	264
313	336	270
317	340	265
314	331	269
317	337	273
316	334	267
325	342	270
318	342	266
323	340	276
318	341	267
322	337	275
321	343	270
321	336	271
319	338	269
318	342	277
328	338	275
321	342	272
333	357	283
334	354	290
331	360	285
339	353	289
335	360	291
338	353	285
337	359	285
341	362	291
340	360	296
340	366	293
345	363	297
343	365	299
339	359	290
349	362	297
347	371	299
348	363	296
353	376	312
362	375	311
360	383	309
359	384	311
362	380	313
361	387	318
363	378	312
368	384	319
364	383	320
367	386	325
371	390	314
372	385	321
365	388	324
371	390	325
373	393	322
369	396	322
374	405	333
384	401	337
389	406	337
386	410	337
392	404	341
382	412	336
393	408	337
386	409	339
388	408	337
386	407	345
392	406	340
388	406	343
394	414	341
398	412	344
392	413	351
393	410	345
409	420	347
397	418	360
401	418	352
409	420	355
403	428	354
408	423	358
404	419	358
407	425	354
412	423	359
403	432	352
411	426	356
408	430	358
409	427	361
412	431	360
402	433	360
412	429	359
414	429	365
412	430	359
413	436	368
415	440	362
420	431	363
417	441	370
416	439	365
419	439	374
411	436	369
418	436	368
414	440	369
414	441	366
420	439	370
418	443	367
419	435	368
413	435	376
426	446	371
426	441	377
424	443	380
427	440	374
425	447	380
427	449	373
434	451	378
422	449	372
428	445	375
423	450	375
429	449	375
427	451	380
422	443	377
431	443	379
426	446	377
433	448	380
442	455	386
432	458	385
433	454	383
437	454	389
437	456	387
443	454	391
440	462	385
445	457	395
439	459	390
445	462	395
443	461	393
442	466	391
444	461	395
443	461	403
443	463	393
447	467	400
447	473	400
451	479	406
456	468	405
455	474	409
457	473	409
452	478	409
455	476	407
460	480	414
454	481	409
459	474	408
460	479	405
464	475	403
459	481	409
459	478	413
458	477	418
461	489	412
475	487	420
468	491	423
472	493	423
470	488	423
466	497	426
476	490	426
476	494	424
476	492	423
478	487	428
475	495	423
474	490	425
477	489	430
472	493	426
479	492	429
475	495	425
483	498	433
489	506	430
488	506	437
484	507	438
487	507	439
486	511	443
490	505	447
494	508	441
490	506	442
495	513	449
496	513	444
498	510	443
493	515	443
497	511	442
491	515	444
493	515	443
495	513	456
499	517	453
501	522	452
506	521	455
501	525	454
506	519	454
502	525	459
502	523	459
502	527	455
507	528	454
509	521	458
505	526	458
505	519	451
506	528	460
507	522	455
508	522	459
510	526	457
508	536	457
513	534	469
507	532	467
518	531	464
516	538	465
513	528	463
515	532	468
510	535	465
514	530	465
511	535	464
520	531	465
517	536	464
514	532	461
515	533	465
516	538	468
518	531	468
521	537	472
515	541	468
519	538	473
519	540	466
520	542	476
523	535	477
524	537	472
525	541	474
524	545	470
523	539	473
521	540	472
517	540	469
521	541	477
518	542	469
525	533	473
515	539	464
522	542	476
529	546	474
524	545	479
525	548	475
529	543	479
521	544	469
523	540	479
518	549	477
521	537	476
521	539	475
522	542	472
529	539	474
521	545	475
528	544	480
523	550	476
522	539	467
527	544	471
523	546	474
521	545	476
523	545	484
524	544	471
529	542	479
525	548	479
533	540	473
527	549	479
523	539	476
526	544	484
525	547	475
526	539	475
527	549	472
528	547	473
522	546	480
532	541	484
525	546	477
525	543	478
524	548	479
524	540	483
526	545	473
531	540	475
520	551	482
527	540	474
524	547	482
529	543	469
529	547	474
522	542	469
523	543	479
518	543	470
524	543	473
527	539	479
522	545	476
522	543	477
519	545	475
528	542	472
524	545	479
522	541	474
524	544	480
520	545	476
526	534	472
523	542	474
517	546	466
524	534	472
513	543	469
518	540	473
519	541	471
522	536	467
519	537	467
512	536	472
520	533	467
520	539	472
518	537	466
520	527	464
511	536	463
517	528	467
509	533	459
514	529	463
511	527	463
505	525	457
511	522	460
507	529	458
511	522	453
501	517	451
501	517	447
496	517	446
495	513	452
493	518	445
497	506	443
491	515	440
491	505	437
487	507	440
486	509	436
487	503	435
479	499	437
481	498	434
481	500	432
476	493	420
472	488	425
456	477	408
457	475	413
457	480	411
458	468	405
443	471	400
449	465	400
445	466	393
442	462	383
441	458	385
433	458	386
437	455	386
433	458	381
434	448	383
422	448	383
430	439	371
426	442	373
404	429	355
412	423	356
400	423	349
404	421	348
397	415	352
392	423	344
399	411	352
386	413	347
390	409	338
387	405	336
384	405	333
383	402	337
385	404	335
381	395	326
378	400	328
377	395	322
369	385	317
369	382	311
359	387	313
359	376	309
355	382	311
357	373	305
362	380	307
354	379	306
356	377	310
352	371	300
353	367	304
352	371	296
350	363	294
346	372	297
345	367	297
344	359	295
340	359	291
340	361	292
342	360	295
343	358	286
331	354	283
340	359	295
333	354	287
343	355	292
335	358	289
341	358	281
337	359	288
332	360	283
337	359	290
333	361	286
341	359	288
337	361	289
338	354	296
338	355	284
343	358	297
338	367	295
339	361	299
339	365	288
344	358	294
345	363	291
341	363	299
341	361	292
345	365	295
348	359	299
342	363	294
349	364	296
351	366	304
346	366	296
349	367	304
351	378	298
353	372	312
353	376	301
359	377	313
363	379	310
365	383	308
361	378	308
358	382	308
363	378	314
364	381	313
361	382	314
366	386	320
361	383	318
370	378	317
367	383	313
375	400	327
375	399	311
380	400	332
376	401	326
382	393	332
382	405	326
380	404	334
381	405	332
382	396	328
383	401	333
385	398	333
391	401	337
383	410	334
388	404	336
383	410	340
386	409	341
396	411	346
397	418	343
398	416	349
401	416	356
396	425	355
402	418	352
404	430	352
401	419	346
403	423	357
403	425	354
403	423	358
405	422	354
407	423	352
408	428	357
406	426	352
407	429	355
408	425	365
410	432	360
411	428	368
412	435	365
417	434	364
413	430	363
413	435	364
415	428	364
410	432	360
414	431	359
413	430	364
411	430	360
416	432	357
417	436	361
412	429	362
418	431	369
412	441	365
418	431	362
420	439	369
415	435	367
417	436	373
419	435	363
417	436	367
414	442	364
414	438	368
414	433	369
414	442	366
417	435	370
419	443	376
420	434	366
418	440	368
417	445	369
427	449	369
425	437	375
427	447	370
426	446	377
420	445	376
424	441	374
428	446	376
419	444	375
428	442	381
426	447	375
430	441	374
423	441	378
423	444	370
428	445	380
426	452	376
425	448	371
437	452	375
427	452	384
432	450	382
429	454	387
430	455	381
437	449	385
434	457	389
440	451	385
432	449	391
431	453	381
444	454	393
434	459	384
438	457	391
439	464	389
438	460	390
441	460	395
439	447	399
445	465	396
443	467	404
441	468	396
449	462	399
446	472	402
454	464	401
447	470	405
452	468	403
451	473	403
450	472	400
450	464	406
447	471	407
457	467	405
453	475	402
458	476	398
464	478	414
457	482	413
463	481	410
466	482	410
456	488	409
465	484	416
466	484	413
469	481	419
471	484	420
468	488	420
469	484	424
466	486	421
465	484	419
463	480	421
463	485	416
472	486	424
473	494	427
473	501	430
477	495	422
482	497	423
475	498	429
482	501	435
475	499	433
486	494	434
477	499	427
488	503	431
480	501	435
481	505	433
488	504	436
480	502	434
482	499	436
484	506	435
485	508	441
487	511	444
496	508	445
490	514	440
497	513	448
501	517	447
494	517	442
494	518	448
489	521	444
496	513	445
494	517	446
494	516	445
498	514	451
492	518	444
495	513	450
492	518	445
503	526	451
504	521	454
501	525	453
503	523	457
501	525	453
507	523	449
502	527	457
505	521	449
506	524	455
502	525	450
506	522	450
501	527	454
501	523	451
504	519	459
505	525	459
506	520	457
515	525	460
509	525	459
510	526	461
514	528	468
509	529	460
514	528	464
509	533	468
517	540	462
513	529	459
491	533	461
513	529	464
508	532	460
517	524	464
507	532	465
510	529	459
507	527	459
511	533	471
518	532	460
517	535	469
515	536	461
515	534	468
517	533	462
516	533	466
520	537	472
509	535	468
521	535	469
515	534	463
521	537	463
510	541	466
495	535	465
513	531	468
509	534	463
518	541	465
516	535	476
518	537	468
525	538	471
515	542	468
522	535	465
513	535	472
511	535	471
519	531	475
519	536	469
519	535	470
514	534	463
520	538	466
519	537	471
519	539	466
519	533	465
521	532	472
516	535	466
518	537	467
514	541	470
517	533	470
516	540	468
521	530	467
518	540	470
512	537	465
521	533	473
511	538	464
513	530	466
519	533	473
518	533	461
517	531	462
511	539	465
517	533	465
511	530	465
509	533	463
513	528	460
509	532	469
511	527	468
515	529	463
501	532	454
517	530	461
507	528	452
510	526	455
503	530	457
498	521	451
503	524	460
498	520	453
503	517	446
499	511	426
497	513	442
485	514	444
492	506	442
487	511	444
491	507	446
492	511	434
489	506	431
485	508	440
485	502	433
484	498	434
480	499	435
485	494	430
474	497	429
476	489	427
474	490	425
458	481	412
461	476	409
464	475	412
458	477	408
453	474	403
453	474	399
451	470	398
449	459	401
448	469	395
448	460	394
436	460	387
434	455	382
438	451	391
433	448	379
435	446	363
424	447	375
417	434	360
417	429	364
404	431	359
414	429	361
403	430	355
402	419	351
398	423	350
403	419	342
397	417	347
394	416	342
397	412	339
391	411	341
384	406	338
389	400	335
379	408	335
386	400	339
375	388	316
365	387	323
370	382	318
365	381	316
362	385	314
366	386	316
361	385	316
359	375	311
358	380	313
358	386	307
359	379	305
351	382	307
355	376	309
349	373	307
356	367	303
353	371	305
344	363	299
345	363	302
346	367	298
346	365	288
346	361	292
339	365	301
344	361	293
345	364	295
342	363	286
348	365	297
338	362	289
342	355	293
339	366	291
336	356	290
334	355	289
337	358	290
348	360	292
344	364	294
343	366	287
341	362	295
342	365	295
341	359	278
341	366	294
338	361	288
341	360	293
346	367	294
346	357	293
341	368	293
349	366	298
345	365	302
345	360	294
346	359	299
354	372	303
355	369	299
351	376	304
353	373	302
354	375	309
358	377	302
360	378	311
353	383	309
355	373	306
359	379	317
361	376	310
365	377	315
358	384	311
363	381	312
368	385	315
368	387	312
377	396	321
375	397	331
373	398	336
382	394	327
385	405	333
381	399	327
384	405	332
378	407	332
379	395	339
383	405	331
389	407	327
382	408	336
381	407	337
384	405	338
383	411	341
390	406	339
398	413	349
401	419	345
403	413	346
399	422	352
397	415	348
404	424	355
399	422	350
406	419	358
402	424	351
404	426	351
404	421	358
401	427	356
410	427	360
407	430	360
411	425	364
410	432	361
412	432	365
413	433	356
409	438	369
418	429	365
412	429	368
415	430	364
420	433	366
415	439	368
421	437	370
415	437	373
417	442	365
423	437	366
419	439	372
422	433	369
422	437	369
418	442	366
420	434	375
421	441	373
423	439	376
429	445	379
420	440	353
424	441	371
417	446	370
423	441	377
423	443	376
418	444	371
425	441	377
420	443	375
427	435	373
418	440	373
418	437	369
418	435	377
420	438	377
421	444	374
430	443	378
423	448	375
427	440	375
424	446	376
429	448	372
431	444	379
430	451	377
427	447	381
432	452	381
432	454	382
427	444	378
425	447	382
433	453	385
433	450	383
436	451	387
431	452	380
439	454	384
434	455	385
437	457	389
441	459	387
437	461	383
443	453	391
434	459	388
443	456	392
435	459	388
442	461	383
437	459	388
435	462	385
440	457	392
435	462	390
446	464	399
453	462	397
441	473	400
447	468	402
446	466	395
449	467	398
448	463	405
448	465	399
456	469	401
454	475	402
451	465	397
450	466	402
451	474	401
456	472	409
456	475	407
454	472	406
459	474	413
463	483	405
462	482	420
457	481	415
465	482	414
467	482	414
460	482	409
463	484	419
463	486	414
466	485	420
462	490	422
470	489	419
473	489	424
470	489	419
468	485	425
464	492	420
476	501	424
481	494	429
479	500	433
480	501	423
484	502	434
478	498	425
479	502	435
475	499	435
486	496	430
478	504	425
480	504	430
483	505	440
481	505	434
482	500	434
479	500	433
479	498	435
497	508	440
499	511	446
488	515	439
496	509	452
495	511	439
498	514	445
492	514	442
492	511	445
497	513	453
496	518	443
496	515	450
495	519	446
497	520	450
498	523	452
494	519	450
501	516	451
498	520	457
501	523	453
506	524	461
502	526	451
508	525	458
504	523	456
511	522	455
507	531	463
504	528	450
507	528	459
508	526	463
507	523	459
506	530	460
506	526	450
510	531	461
506	532	456
510	529	462
506	529	469
517	528	464
515	532	465
507	539	466
511	531	465
508	534	459
516	535	462
513	533	463
510	535	470
511	537	469
517	530	460
518	526	465
514	531	458
515	530	460
510	534	462
517	532	465
513	539	464
517	533	473
511	534	463
522	537	463
513	541	468
516	535	470
513	532	472
515	540	472
526	530	469
511	538	464
515	536	461
521	533	472
518	539	465
520	538	473
514	536	467
517	540	471
516	536	472
523	536	472
521	541	467
522	538	477
520	540	469
519	536	467
525	542	473
519	538	460
521	538	471
514	539	464
515	530	470
515	540	471
522	529	465
519	530	470
511	534	465
519	536	468
511	539	466
515	535	468
514	537	470
518	531	473
521	537	471
517	534	463
515	540	470
511	534	467
517	526	466
510	535	464
516	534	462
519	536	467
510	532	457
511	528	465
511	530	459
511	529	465
506	536	470
509	529	468
516	529	463
511	535	456
511	535	466
506	529	457
511	526	462
511	532	461
511	533	443
510	531	466
503	530	455
508	521	462
505	528	460
511	524	454
508	529	457
503	529	461
503	531	456
507	527	457
503	532	455
508	524	460
505	523	448
508	521	456
500	520	450
502	520	447
504	519	452
498	516	446
502	517	452
494	525	449
499	513	445
494	511	455
496	520	444
495	513	444
492	513	447
486	515	440
491	509	436
491	514	441
487	504	432
489	500	434
483	509	435
483	499	436
478	501	436
481	498	433
482	501	434
475	498	423
474	490	423
471	495	422
469	494	420
466	474	414
453	479	411
462	472	409
458	479	405
452	476	407
451	475	405
443	472	397
449	467	398
439	464	391
443	460	383
438	460	394
438	454	383
437	448	384
432	453	384
410	444	375
425	438	376
414	435	360
410	424	357
407	431	352
402	428	352
404	424	354
400	420	349
401	415	344
395	416	343
391	409	341
399	408	346
391	415	338
388	399	333
381	408	333
381	402	335
382	399	330
379	403	323
366	385	313
359	378	321
364	383	306
364	378	308
359	381	303
359	372	304
353	379	308
352	379	307
352	368	302
346	369	297
353	366	304
353	364	298
346	364	293
345	364	295
344	367	293
345	357	296
331	353	289
335	357	283
336	355	287
327	356	292
336	350	284
333	349	283
330	351	280
334	348	279
322	349	276
326	350	283
322	348	279
331	345	278
328	338	281
323	344	269
326	342	279
321	347	272
328	350	273
329	346	277
323	344	272
330	347	270
318	349	272
324	339	278
318	345	270
326	338	267
326	348	274
319	341	267
323	342	279
316	344	270
321	337	269
318	341	271
321	336	269
321	340	279
329	346	281
333	342	277
330	350	275
333	347	281
330	351	280
327	349	275
326	350	284
332	354	280
329	346	285
332	356	287
331	352	282
332	352	285
333	356	280
340	353	285
338	356	292
338	353	288
345	364	296
353	363	297
349	365	302
347	368	308
350	371	301
355	373	304
350	377	307
350	375	311
358	372	307
359	379	304
361	372	309
359	379	307
359	375	306
361	380	309
359	384	310
368	377	316
370	391	329
374	388	319
378	389	321
370	400	329
370	393	326
381	396	329
377	402	327
381	393	331
377	399	326
382	399	328
382	400	331
382	403	327
378	399	337
380	403	329
383	401	333
379	404	332
398	414	341
395	409	344
394	414	339
395	412	352
392	418	348
395	416	340
395	421	352
397	411	350
405	417	350
401	425	350
403	421	352
394	426	349
403	419	356
398	420	353
399	422	355
407	417	354
404	430	361
414	426	362
406	428	360
410	427	361
410	426	364
407	432	357
417	434	366
412	435	365
409	427	363
414	432	370
413	434	366
418	428	367
415	438	377
420	435	368
422	433	369
416	435	362
427	446	374
424	437	373
424	443	375
425	438	372
420	442	372
422	450	372
428	446	378
422	444	371
425	443	381
426	445	379
425	440	372
424	440	384
424	442	373
425	440	370
424	441	373
421	442	379
438	455	385
435	453	383
432	459	383
435	446	381
433	455	384
436	452	381
442	453	388
437	460	384
437	456	389
434	456	389
436	455	385
437	455	385
432	457	382
440	457	389
433	458	391
434	455	383
443	457	399
444	463	398
445	463	403
444	465	395
453	468	401
444	470	397
446	465	404
447	468	404
447	470	400
452	469	403
449	470	402
450	464	401
452	469	404
449	468	405
458	467	404
449	470	401
461	475	408
456	479	417
463	480	418
468	484	413
463	480	411
464	482	412
438	481	415
462	487	408
464	481	413
462	485	409
468	486	419
464	491	418
464	487	417
471	488	423
471	493	417
473	482	422
480	496	423
473	495	430
473	496	422
485	495	432
482	502	427
484	501	434
479	499	433
483	501	437
484	501	436
480	505	434
481	500	438
486	503	434
483	506	435
491	499	436
480	505	432
489	502	437
493	510	442
498	508	442
492	516	442
499	511	448
492	518	447
494	510	451
491	516	442
495	514	438
499	518	441
491	517	447
495	511	455
497	513	447
498	514	449
496	516	447
499	518	449
504	519	449
505	525	449
506	523	454
500	523	458
499	525	455
509	526	463
509	528	457
511	528	463
506	529	453
509	529	458
510	527	459
507	532	461
511	522	463
508	526	458
511	531	458
511	534	466
513	532	463
514	531	468
517	532	459
520	531	469
518	535	462
516	536	469
516	538	471
511	531	469
518	530	468
513	533	463
522	536	471
516	538	465
520	540	469
520	538	469
516	539	462
521	539	472
518	541	465
519	544	470
523	544	475
517	540	477
524	537	471
529	541	472
525	548	473
523	534	477
520	543	469
521	540	478
523	540	468
522	539	465
527	543	477
521	543	469
522	537	478
520	545	476
524	539	471
525	541	476
528	548	475
527	548	471
529	549	481
521	547	477
527	540	478
523	545	477
523	539	482
525	547	473
524	542	477
525	544	482
523	544	469
526	544	473
524	545	477
526	542	478
518	540	474
526	545	473
526	542	477
524	546	476
527	538	478
522	547	476
525	541	455
522	545	476
517	540	469
517	540	478
522	544	478
530	536	474
520	540	470
527	540	469
519	541	476
516	545	470
520	540	475
520	538	473
524	542	469
521	539	470
523	542	465
518	542	480
520	547	470
528	541	476
521	540	472
518	537	473
519	540	472
517	543	471
523	537	474
517	539	472
521	538	475
522	535	473
516	538	468
519	536	467
515	536	472
520	534	467
522	534	473
517	540	467
520	538	474
513	540	473
517	536	473
524	534	475
521	533	462
516	531	470
516	540	465
518	529	464
515	533	461
510	535	464
515	532	465
511	535	470
514	536	460
511	531	463
511	529	458
517	530	461
509	529	463
511	529	458
510	533	466
511	526	454
514	524	462
509	531	451
505	526	460
500	526	457
485	519	449
499	521	461
501	522	454
498	521	448
496	507	445
494	514	437
492	511	447
486	513	443
483	507	441
490	501	440
481	506	438
489	501	440
483	499	430
485	500	428
486	502	430
482	498	421
477	492	425
474	496	427
471	496	420
460	472	409
458	477	403
461	473	406
455	476	402
453	469	398
449	474	399
446	463	398
442	460	393
441	462	395
441	454	388
435	458	392
440	457	388
439	455	384
430	454	376
428	441	373
422	446	372
408	432	358
407	423	361
402	425	361
407	417	353
405	423	355
400	418	341
403	396	343
390	414	345
391	406	345
385	406	341
390	401	335
381	408	337
384	401	327
388	395	327
374	401	326
381	393	320
369	377	307
363	384	315
357	379	309
359	376	310
354	379	308
361	379	307
354	376	307
354	371	301
350	369	302
350	369	303
354	363	304
346	371	300
348	360	297
343	367	301
348	356	294
346	362	290
337	350	284
332	353	284
333	351	285
331	350	283
335	352	282
336	356	283
333	351	280
327	355	280
329	352	282
334	350	286
313	348	275
331	342	282
329	344	275
326	347	281
326	347	279
327	350	279
331	343	280
325	348	274
332	344	278
327	348	278
327	347	278
328	354	279
328	350	283
333	351	283
325	349	280
333	348	283
330	351	283
330	349	280
336	352	283
327	351	281
333	350	282
330	356	279
338	358	291
342	361	292
344	359	291
342	365	296
342	357	300
344	362	293
345	364	299
345	368	291
350	365	290
341	366	300
346	370	299
347	365	300
347	374	304
354	366	301
352	368	310
352	376	305
363	379	310
361	383	318
365	384	310
374	387	314
365	389	313
373	390	319
367	395	321
372	391	321
371	387	325
372	398	324
375	391	328
368	397	336
376	396	327
377	396	333
376	398	322
375	391	329
385	403	336
389	401	339
386	403	342
385	408	339
397	403	341
393	418	342
395	414	345
391	415	349
396	407	347
397	415	350
391	415	340
394	411	345
392	419	350
402	410	354
399	415	350
396	419	344
410	424	354
400	421	355
411	420	357
413	427	361
408	427	354
411	429	359
407	428	355
409	419	361
406	427	358
411	435	364
411	431	366
406	427	357
411	428	362
407	434	363
413	425	360
411	432	362
412	433	368
420	439	366
417	435	368
415	441	367
414	432	368
411	437	362
401	431	368
416	430	368
415	435	368
418	433	372
412	437	372
420	440	368
415	441	369
418	443	367
419	435	368
415	439	375
417	438	378
427	435	371
422	444	374
425	446	380
421	441	380
425	443	374
422	440	371
427	444	377
422	447	376
427	443	380
417	446	372
422	437	379
418	444	372
422	439	370
423	443	377
425	443	377
434	450	378
426	449	378
434	449	385
433	450	383
434	452	382
431	458	386
438	454	383
436	448	382
431	457	384
438	449	385
430	451	380
431	456	387
436	453	393
436	461	387
439	456	388
435	452	394
444	463	395
449	464	396
446	469	394
445	465	396
445	465	400
430	463	399
447	463	408
444	465	399
446	464	404
443	467	395
453	468	401
453	468	404
450	467	400
456	466	404
451	470	402
456	472	409
464	476	414
459	483	406
460	479	408
462	479	418
464	481	412
470	478	417
461	483	413
465	482	414
466	485	421
471	483	412
467	484	417
463	487	415
468	483	417
464	483	418
466	487	419
469	481	423
475	492	431
474	502	431
477	492	435
479	497	423
479	502	433
485	500	436
481	503	428
480	495	434
479	503	433
487	499	415
480	501	432
480	498	432
493	498	439
480	502	432
483	505	443
488	507	443
490	511	440
490	506	447
494	511	443
495	507	443
493	515	445
493	515	445
490	511	448
493	514	443
497	515	452
497	514	445
499	511	450
502	519	449
500	518	447
501	519	450
497	521	455
497	515	448
500	519	452
497	516	453
510	515	452
507	526	448
505	523	455
503	524	453
500	525	451
509	524	460
504	518	450
506	525	457
504	530	457
503	522	456
507	528	457
507	530	443
508	526	459
505	524	456
509	530	462
508	533	468
510	529	465
515	525	463
510	535	461
513	533	463
516	533	465
511	529	460
514	527	463
511	532	457
517	533	461
510	530	461
505	532	461
504	533	465
510	531	459
516	528	455
510	534	471
513	535	461
516	531	466
513	535	462
509	533	467
511	530	466
511	537	459
518	529	468
515	531	460
522	533	459
509	537	467
509	529	460
511	529	467
509	532	461
514	526	464
510	533	460
513	533	465
517	534	459
511	532	466
511	527	457
510	528	464
511	533	457
511	530	469
507	537	466
517	527	464
514	529	465
511	531	461
515	531	463
510	533	461
508	529	461
505	528	462
508	525	459
511	533	455
503	525	462
508	527	468
510	525	458
516	527	463
510	532	459
513	527	462
505	528	461
505	525	458
511	523	459
511	531	454
511	526	464
508	529	464
510	524	458
510	532	465
507	530	458
507	531	458
513	527	461
506	529	464
511	524	459
511	529	458
514	529	465
508	527	464
511	533	461
508	527	464
506	530	461
510	523	463
508	528	462
490	526	461
507	524	461
508	524	457
508	520	453
505	523	459
505	530	457
504	521	450
509	523	452
505	528	457
503	523	459
500	521	452
508	523	457
501	522	451
506	522	448
500	515	453
502	520	453
506	521	453
499	522	446
501	519	451
499	519	456
493	510	441
492	507	442
490	504	440
486	512	437
487	509	441
485	510	437
490	505	441
482	501	435
485	501	426
480	497	436
478	499	425
476	491	427
474	492	427
470	497	423
474	487	420
464	489	420
460	474	404
457	477	409
454	470	399
457	473	399
445	475	394
445	461	398
446	467	402
446	460	385
441	459	395
433	457	382
438	454	387
427	452	382
431	448	373
423	435	376
423	442	373
427	440	375
404	424	363
407	425	352
409	417	347
400	426	351
392	413	345
397	412	353
390	421	345
393	411	347
392	410	341
391	405	338
389	402	335
387	407	325
380	398	331
378	403	327
377	394	325
375	397	324
361	382	315
363	377	311
361	379	310
360	382	308
361	372	308
357	375	299
354	373	306
347	367	307
353	363	299
355	367	295
348	367	291
349	364	300
338	364	291
344	362	294
340	360	294
344	354	287
337	351	283
329	352	284
338	349	284
334	353	288
337	359	284
335	350	281
328	352	283
327	342	280
328	350	279
329	346	276
325	349	274
326	347	278
327	342	275
322	350	276
327	348	273
326	347	279
328	345	278
328	352	281
329	347	279
334	344	281
329	354	273
328	347	281
327	350	276
328	345	283
335	348	283
325	351	275
333	352	286
329	351	275
330	352	279
332	351	279
326	349	282
331	352	291
338	360	289
342	362	289
346	359	300
339	364	293
346	359	296
341	366	290
346	367	296
345	361	301
346	367	301
354	363	306
349	367	299
354	369	306
349	370	298
351	373	305
358	375	303
354	373	303
368	381	315
366	381	320
365	391	320
370	382	319
371	388	314
370	388	319
371	390	323
375	389	321
377	388	326
373	393	325
379	392	326
372	395	330
378	402	330
380	398	331
377	402	329
383	397	329
387	411	340
387	410	346
393	406	342
401	416	349
396	413	338
396	419	348
394	417	346
395	416	346
391	422	347
395	411	343
397	413	349
397	424	347
405	418	352
400	419	351
400	422	354
410	422	360
408	432	357
409	428	368
406	433	360
417	428	363
408	433	364
409	430	361
413	433	370
412	433	366
414	428	363
413	431	363
415	434	368
416	430	370
415	440	369
419	436	373
416	444	371
419	440	360
429	449	371
427	442	380
425	444	371
430	445	382
425	447	384
429	450	382
426	445	380
424	447	376
433	447	379
424	449	377
428	445	371
427	452	376
428	449	378
434	446	386
427	451	377
429	444	379
433	454	388
437	459	382
440	453	389
431	455	392
437	460	385
441	451	385
440	458	389
439	459	381
433	464	383
438	461	389
443	461	393
439	461	389
444	461	392
441	462	394
444	463	376
443	462	394
445	470	395
446	463	398
446	466	393
446	465	401
445	465	401
447	463	400
451	465	400
453	475	403
450	468	399
447	475	406
449	469	408
451	469	403
457	472	406
452	466	404
452	469	407
453	473	399
458	478	414
456	479	410
468	476	414
459	484	411
468	482	417
465	487	418
470	485	414
470	486	421
464	489	416
465	486	418
466	491	420
469	492	413
465	469	415
462	488	413
469	483	410
465	492	418
466	493	432
478	501	429
479	498	429
478	502	428
476	492	430
475	500	432
484	495	424
474	500	428
473	495	431
481	498	433
481	501	431
482	495	431
476	506	433
478	504	432
483	504	435
483	505	432
496	511	437
491	505	444
491	513	439
487	505	437
492	508	449
496	514	446
496	507	441
489	519	446
497	512	447
503	517	447
496	515	446
501	517	453
494	513	443
496	510	445
494	516	441
500	513	442
508	518	459
504	525	448
504	520	455
502	522	457
506	524	455
509	525	461
500	524	451
507	519	457
500	523	450
507	524	457
503	523	454
507	521	449
503	518	455
501	523	451
510	524	455
503	522	450
511	528	463
511	528	461
506	533	460
510	532	462
510	528	454
514	527	461
513	529	462
513	529	466
514	531	464
510	529	459
513	527	465
511	531	461
509	530	458
511	531	459
511	524	458
506	526	460
514	532	463
508	535	464
517	527	465
511	533	459
516	533	461
513	529	462
511	533	462
521	531	469
511	528	459
515	533	466
515	531	459
514	532	463
511	535	465
518	529	466
513	530	470
511	529	463
518	533	461
517	530	467
513	535	462
515	535	467
511	537	459
518	532	462
509	528	464
510	535	465
520	528	471
516	532	461
517	527	464
519	528	465
515	531	455
517	532	467
509	531	457
514	531	466
509	527	465
514	536	457
517	530	463
510	536	462
511	531	461
510	535	465
513	531	461
516	531	468
511	531	462
515	528	463
507	531	461
516	528	460
507	529	454
506	527	456
508	530	460
507	528	460
511	524	461
508	528	463
508	527	462
511	535	465
510	527	460
514	524	459
509	532	454
507	527	461
508	529	461
510	521	459
513	527	460
508	525	450
509	519	455
499	531	459
503	519	456
499	527	458
502	524	457
506	518	456
509	525	460
506	526	455
509	521	453
504	529	449
504	517	451
503	526	456
502	519	448
495	516	449
497	519	452
502	516	452
502	516	448
504	519	456
499	515	451
500	515	444
497	511	441
492	511	449
494	516	451
498	513	447
499	517	441
495	516	451
491	513	442
493	511	453
493	505	448
492	515	444
497	514	444
491	514	448
497	509	447
493	513	449
492	514	442
493	507	439
488	506	444
486	513	440
495	504	439
494	513	445
491	510	440
492	508	447
484	506	434
488	504	440
486	507	433
487	500	431
483	506	438
487	502	433
482	497	436
485	505	431
487	503	429
480	501	427
460	504	426
484	492	435
477	501	424
481	496	424
479	500	428
474	496	427
478	491	427
473	495	424
477	489	424
470	489	423
469	491	424
474	485	425
467	487	420
471	484	422
462	482	421
469	483	409
459	473	400
450	470	405
452	470	401
455	469	403
447	473	398
452	464	401
440	467	400
441	459	399
448	462	397
441	456	387
438	449	389
431	455	381
439	452	381
439	455	384
431	452	375
434	446	380
411	434	362
411	435	360
411	429	362
402	427	360
407	418	355
406	425	357
401	421	343
397	419	350
389	413	346
393	408	340
385	408	339
391	405	335
383	407	336
385	402	333
388	393	329
379	403	324
365	385	311
369	384	313
355	383	306
363	369	309
352	376	303
360	373	309
356	369	299
351	365	296
349	366	303
345	367	297
349	364	298
342	363	290
340	358	293
336	358	288
334	356	284
336	349	287
323	350	272
328	347	273
322	343	273
323	339	270
325	341	277
319	341	270
325	339	274
318	344	273
326	331	263
318	335	270
320	334	263
321	334	265
316	335	262
320	331	269
321	334	263
316	335	264
311	333	265
317	327	261
310	332	263
312	326	262
310	331	262
315	335	266
311	330	262
305	334	261
315	324	261
308	329	256
310	324	258
307	323	266
311	331	260
312	326	267
303	327	257
308	327	262
317	333	267
313	333	260
313	338	265
311	335	267
316	335	266
324	333	271
316	338	266
319	339	269
318	333	271
317	337	267
322	341	274
322	344	274
323	343	274
324	348	278
324	347	276
323	344	275
327	352	284
333	353	288
335	356	284
336	352	288
337	357	294
334	356	285
348	355	289
345	362	291
342	363	297
338	363	289
345	365	301
351	362	300
344	366	292
349	365	298
346	367	298
347	369	302
355	377	313
357	378	309
367	381	316
360	383	311
370	386	318
362	386	316
365	385	317
372	389	325
366	389	317
373	386	323
370	393	326
373	386	326
375	391	325
376	398	321
379	389	328
372	396	321
379	407	340
394	407	340
391	412	345
387	412	339
396	408	341
392	415	343
394	408	341
389	415	345
393	411	344
393	414	347
395	414	343
394	413	347
398	426	345
398	416	348
393	420	342
403	415	348
405	418	353
404	428	357
406	423	356
409	428	353
411	430	361
408	424	362
407	426	357
412	426	356
409	430	362
413	428	365
419	429	370
413	435	364
416	430	369
415	434	367
413	429	367
413	429	367
419	441	369
417	434	372
422	432	374
418	439	366
429	440	374
420	447	368
423	438	370
418	445	373
422	449	371
426	444	377
417	443	374
421	438	373
418	442	374
422	441	374
427	443	382
420	444	377
432	447	385
429	452	378
433	448	386
440	454	386
432	451	380
440	454	388
431	453	378
438	453	389
432	457	393
433	454	384
435	457	393
435	454	382
442	451	390
435	457	386
434	460	386
439	462	388
447	465	401
450	469	395
449	467	401
445	470	396
452	468	400
447	471	401
451	467	398
446	470	395
449	467	400
459	470	405
451	468	401
452	471	407
450	470	401
457	471	412
458	478	409
453	472	403
467	478	411
465	477	418
459	483	414
468	480	417
463	487	411
467	488	414
471	494	420
468	491	417
472	489	421
470	493	424
472	492	421
474	494	423
469	497	421
474	491	425
470	492	424
473	488	421
483	498	432
475	499	436
486	495	432
483	505	433
482	504	435
482	504	435
485	509	433
485	504	435
485	507	428
486	504	438
480	507	434
489	504	422
481	505	432
480	505	435
490	503	444
488	507	437
496	517	443
495	514	450
497	516	445
498	500	447
498	519	443
497	520	451
494	520	448
500	517	451
498	511	457
498	518	446
505	521	453
498	519	446
499	521	455
496	518	451
497	517	451
507	522	460
511	523	458
504	530	461
515	526	460
510	531	464
511	526	459
513	535	459
505	533	460
506	526	463
510	529	464
513	529	465
514	531	458
516	529	467
511	531	467
516	535	469
515	534	464
511	532	461
516	537	464
518	534	471
515	535	476
524	534	470
520	540	469
519	541	467
522	536	471
514	537	477
521	535	471
520	538	470
522	541	469
525	540	471
515	537	468
517	538	466
514	540	470
517	538	469
524	543	477
518	543	472
521	542	477
522	540	478
527	539	467
528	546	474
517	542	466
527	536	469
520	539	470
521	538	464
519	535	465
516	539	469
524	538	474
520	546	469
519	539	472
520	539	477
520	540	475
527	537	474
522	543	472
522	536	467
519	542	472
517	536	473
523	536	473
518	545	474
523	534	451
523	544	472
522	538	469
518	536	469
515	541	470
524	538	476
518	540	472
519	539	471
521	539	465
518	545	473
513	535	472
522	531	472
522	541	466
521	538	473
518	541	465
518	534	475
519	535	470
520	537	471
519	538	468
516	536	462
520	532	465
517	536	466
519	532	465
519	536	464
514	533	468
521	538	462
516	535	473
510	537	461
516	529	464
511	539	471
513	537	468
517	533	471
515	530	460
517	532	465
515	537	458
513	530	463
509	537	465
507	526	459
510	530	465
511	529	463
514	532	463
514	527	461
510	533	461
514	527	461
504	528	457
507	526	456
514	525	465
509	533	456
507	527	465
509	525	461
511	523	459
510	527	460
510	529	460
504	524	455
503	525	459
508	524	460
503	519	457
503	525	453
507	524	458
504	526	456
506	525	455
502	529	453
505	518	450
501	520	460
503	519	452
506	516	456
505	526	448
503	521	457
503	526	453
502	521	455
505	521	456
497	521	449
499	524	452
506	517	450
508	523	452
501	527	457
501	519	459
505	524	450
501	516	452
499	517	449
502	517	447
503	525	452
499	515	448
498	517	452
494	526	448
500	513	443
495	515	450
495	521	447
497	513	444
499	514	451
498	513	446
503	511	449
493	521	449
499	511	450
498	514	450
495	509	443
501	513	445
495	519	445
497	509	442
493	511	449
494	509	439
492	510	441
485	511	439
487	507	443
