423	453	380
428	446	387
430	452	377
440	450	383
433	455	386
435	457	377
434	454	383
424	458	385
433	459	380
430	448	379
425	453	377
422	444	378
430	444	382
416	452	372
420	445	374
423	446	372
417	436	365
412	439	365
411	427	367
419	432	367
402	433	358
416	428	359
406	436	360
407	431	351
406	425	361
401	434	352
401	419	353
408	428	358
397	427	349
399	425	354
406	428	364
400	429	356
422	441	370
428	441	380
419	454	379
434	457	381
428	466	394
440	468	391
451	469	406
451	481	404
461	482	409
474	496	430
477	507	437
486	504	440
494	520	453
493	528	455
513	531	458
511	544	486
603	626	554
606	630	565
619	645	577
636	659	593
644	672	607
658	677	617
671	698	634
681	709	635
700	716	651
704	736	668
720	741	673
736	749	692
742	771	698
750	779	710
759	792	721
771	799	733
793	801	790
794	797	789
801	799	792
794	800	788
798	800	791
798	801	788
797	792	792
795	803	789
796	801	793
801	799	790
790	798	789
798	795	792
794	799	788
795	794	784
794	796	790
792	801	783
794	801	788
797	794	781
795	801	790
791	796	783
795	797	790
790	798	787
800	799	792
794	800	786
798	794	789
799	801	789
799	801	786
796	798	794
796	798	784
800	799	787
794	800	790
791	796	786
800	799	785
795	800	790
794	797	783
798	797	792
794	801	787
800	800	785
791	793	788
794	794	788
799	799	787
792	798	791
798	795	787
797	801	788
795	801	788
795	801	789
791	803	783
799	795	792
797	797	794
794	798	786
798	800	792
799	798	788
795	804	788
794	793	792
791	801	786
800	797	786
794	799	789
795	798	786
796	795	790
791	802	789
797	797	786
793	803	792
793	794	786
799	798	788
798	795	792
796	798	788
798	796	788
793	802	789
797	799	794
794	801	790
797	800	792
795	799	789
798	799	784
799	793	791
794	798	789
795	795	792
795	798	793
797	803	779
797	794	793
792	799	784
793	800	784
794	797	790
795	799	790
799	794	783
793	802	790
789	798	787
800	799	793
792	790	786
800	799	782
792	799	785
791	795	782
797	794	789
794	800	788
794	794	789
798	798	787
798	802	785
796	803	790
797	803	790
803	801	785
796	800	792
795	802	788
794	797	792
798	800	790
799	799	786
795	791	791
791	803	786
796	797	789
793	798	787
797	797	783
796	796	790
794	797	788
798	795	785
800	801	786
797	797	786
794	801	789
801	798	790
795	802	793
797	799	783
796	801	792
790	802	786
799	795	792
794	800	787
791	793	785
796	794	790
795	802	786
797	797	792
795	800	790
797	797	791
797	804	792
799	794	788
795	802	793
798	789	790
797	803	789
797	800	785
799	801	788
791	799	789
799	794	789
796	799	791
796	800	787
796	795	790
792	804	789
794	793	785
791	802	786
788	801	788
794	802	786
796	796	790
796	801	786
800	797	786
796	809	789
786	798	786
798	798	788
794	802	788
798	796	792
793	802	788
795	796	785
798	800	782
791	801	764
797	797	764
792	797	756
796	796	741
762	776	696
752	767	705
739	771	688
735	763	681
734	752	688
730	744	676
728	742	675
717	742	670
721	741	663
714	735	660
700	731	654
706	713	647
697	722	638
681	712	635
685	703	635
679	711	627
643	672	598
648	662	599
638	666	581
638	656	581
633	650	585
629	647	576
634	640	578
615	643	567
627	636	561
615	642	566
604	630	549
608	627	557
601	626	555
596	618	535
590	614	544
582	609	538
561	584	505
559	578	510
544	582	506
541	569	496
548	559	502
538	566	484
537	560	489
529	548	486
529	550	476
530	546	482
521	545	479
521	537	467
519	540	469
509	536	462
507	523	448
497	521	452
476	493	428
475	505	427
471	488	418
467	496	423
464	486	412
471	478	411
456	484	401
465	470	407
461	479	399
450	477	396
449	462	393
439	465	384
435	455	380
433	457	379
426	447	387
420	446	375
402	427	354
405	419	357
402	424	349
396	419	340
391	416	345
396	415	346
377	406	338
392	399	336
381	399	324
375	398	326
377	390	327
366	399	324
373	383	320
365	392	317
362	389	309
366	380	306
342	361	291
334	364	290
334	361	273
338	355	280
322	357	277
325	341	268
319	342	273
316	341	269
318	333	269
306	339	272
314	337	257
311	329	263
299	333	260
309	329	242
302	319	247
294	322	249
282	306	228
280	298	230
268	302	221
275	296	225
265	298	216
257	288	220
267	285	221
263	282	211
257	279	207
256	280	209
254	287	210
250	273	212
252	276	202
255	270	200
251	265	195
240	265	192
224	254	179
227	251	179
222	245	172
227	237	179
217	249	174
215	239	171
226	240	164
217	238	163
218	232	157
205	239	154
204	226	157
203	228	154
202	220	148
200	218	153
199	223	149
199	219	150
195	207	132
188	198	139
176	196	124
183	201	131
177	203	121
179	191	127
174	197	121
170	186	127
169	198	120
171	195	126
167	189	118
162	192	106
161	184	109
157	186	106
152	175	107
160	173	109
154	160	93
144	166	94
147	161	85
140	162	89
137	157	83
136	161	82
134	155	83
126	153	87
129	153	78
132	147	81
118	148	82
130	144	81
120	150	76
127	145	80
122	143	64
119	145	77
117	129	56
107	127	68
103	127	48
108	127	60
97	126	49
102	121	64
103	128	52
105	117	56
102	127	46
102	111	53
96	124	45
99	114	45
88	124	44
100	109	43
91	113	46
98	108	47
84	106	31
81	97	38
74	104	31
74	105	34
73	100	28
76	103	24
71	93	19
75	98	18
72	86	29
69	90	12
67	88	24
63	92	12
66	89	23
71	90	16
71	90	20
64	89	14
50	70	7
51	73	5
56	82	1
56	71	2
43	78	1
50	78	8
55	75	0
49	66	0
56	73	0
42	58	0
48	76	1
43	65	0
43	65	0
43	67	0
36	60	0
41	64	0
33	54	0
37	56	0
36	55	0
29	59	0
37	56	0
28	48	0
38	50	0
30	52	0
29	55	0
19	56	0
21	49	0
26	48	0
29	45	0
29	44	0
30	44	0
20	49	0
27	40	0
19	43	0
28	36	0
20	42	0
22	44	0
20	50	0
16	38	0
20	40	0
17	32	0
24	39	0
13	36	0
13	47	0
10	39	0
12	34	0
16	35	0
13	30	0
12	42	0
8	39	0
18	33	0
17	31	0
8	46	0
11	37	0
13	40	0
18	44	0
16	33	0
17	37	0
12	30	0
22	44	0
12	36	0
16	43	0
10	39	0
18	31	0
29	52	0
15	42	0
22	47	0
22	23	0
28	55	0
20	49	0
22	47	0
30	51	0
30	50	0
32	53	0
25	57	0
23	49	0
29	51	0
35	54	0
33	44	0
38	55	0
34	65	0
28	64	0
33	56	0
35	59	0
39	59	0
48	68	0
34	63	0
36	67	0
38	60	0
43	60	0
47	45	0
43	61	0
38	68	0
37	58	0
48	75	0
45	66	0
47	69	0
43	70	0
54	69	5
47	73	2
51	66	1
45	74	0
53	73	0
57	70	1
46	71	0
54	70	0
54	65	1
45	76	0
48	74	3
48	70	0
61	75	6
50	72	4
44	75	0
54	77	3
59	72	8
47	77	5
53	80	4
57	71	4
50	75	1
56	70	9
51	75	0
55	71	8
45	77	0
39	81	2
59	77	8
58	72	5
52	79	5
57	72	10
54	73	8
47	75	0
55	76	9
46	83	3
59	66	5
44	73	0
57	71	3
46	72	0
45	71	0
55	67	0
52	69	1
47	69	0
49	68	0
49	70	0
52	65	4
37	80	0
43	64	3
38	70	3
45	67	0
40	66	0
37	64	0
42	65	0
44	58	0
47	61	0
37	53	0
40	63	0
33	62	0
44	65	0
21	56	0
36	51	0
31	56	0
29	55	0
28	50	0
27	50	0
30	49	0
29	46	0
26	57	0
25	43	0
27	48	0
28	47	0
29	50	0
23	48	0
17	43	0
20	47	0
27	40	0
17	34	0
28	42	0
21	39	0
9	44	0
17	50	0
22	35	0
14	32	0
27	37	0
17	42	0
13	42	0
16	48	0
9	32	0
24	37	0
20	36	0
19	39	0
9	39	0
15	43	0
16	47	0
19	38	0
18	42	0
25	45	0
13	43	0
20	54	0
22	51	0
31	40	0
28	46	0
23	54	0
28	57	0
22	46	0
33	47	0
30	47	0
28	50	0
25	57	0
24	56	0
25	54	0
32	59	0
37	65	0
37	66	0
47	62	0
46	67	0
47	65	0
52	69	0
48	75	0
51	78	0
38	71	0
56	73	3
53	78	1
53	74	11
59	74	0
59	73	8
48	76	0
66	83	17
61	83	19
61	95	19
71	88	23
61	100	19
71	99	21
68	100	23
71	98	28
79	96	29
75	105	35
77	99	36
74	103	32
80	95	34
81	107	27
81	104	34
80	110	30
90	117	46
96	111	41
91	120	46
96	110	44
96	118	42
101	116	50
100	128	47
103	122	54
97	120	53
109	125	49
99	131	49
106	124	54
101	134	51
110	125	49
107	128	53
100	129	52
118	141	59
117	135	69
112	145	67
123	131	77
114	144	68
125	134	75
113	148	72
123	143	70
119	149	64
118	138	74
119	150	73
115	146	65
123	134	75
121	143	70
126	138	76
122	141	72
127	151	75
134	149	79
122	158	72
130	150	73
128	153	84
130	147	83
126	159	73
129	147	68
128	139	76
127	147	77
126	141	82
126	145	81
129	141	79
123	151	76
128	151	87
126	152	75
125	146	81
124	154	84
125	152	77
126	146	80
131	146	91
127	150	74
130	153	86
132	146	72
138	149	87
131	150	79
136	148	79
129	157	76
137	150	85
126	150	73
134	146	86
124	153	79
127	154	83
130	165	78
140	154	91
133	164	77
133	159	90
129	157	84
141	152	86
135	159	86
133	149	88
130	162	82
141	149	83
129	155	92
142	153	88
132	158	88
134	164	91
137	162	88
135	162	98
136	168	89
140	167	97
145	171	92
152	166	98
145	176	86
147	170	95
149	171	94
153	172	94
142	171	92
152	166	103
145	169	92
152	167	99
151	172	105
151	165	107
151	177	101
156	179	111
153	182	114
161	183	110
160	187	114
155	183	114
167	188	120
159	196	107
169	184	116
162	192	113
164	188	113
158	190	123
165	186	118
178	189	125
170	197	123
178	193	129
173	197	127
184	204	140
182	212	147
192	210	134
192	214	143
194	215	137
187	216	141
187	211	142
192	213	145
184	214	146
192	213	145
189	215	148
183	216	145
200	216	150
198	223	148
202	214	157
202	225	153
203	223	155
201	229	163
211	227	168
205	231	163
217	236	164
214	240	163
211	234	170
218	245	167
215	247	165
222	240	171
216	241	167
224	239	174
221	241	169
223	246	170
215	249	173
219	249	168
230	252	184
238	259	194
235	266	177
240	257	187
235	262	188
237	261	193
232	268	189
228	260	186
239	254	196
235	257	193
241	254	198
243	269	185
241	261	192
243	263	199
240	271	196
249	267	197
247	273	203
249	276	207
254	270	207
256	281	209
262	277	208
263	282	211
247	285	210
259	273	208
251	284	215
257	288	212
257	274	211
259	283	208
266	275	206
262	281	217
254	283	214
265	283	224
269	290	219
268	299	221
280	289	215
270	290	231
267	296	225
275	293	230
267	304	223
274	289	232
282	302	233
275	302	226
279	298	230
268	300	227
281	296	223
280	308	230
273	299	232
284	299	228
290	308	239
298	303	246
281	317	243
296	310	244
286	318	249
291	310	248
292	312	244
286	317	240
295	313	242
295	324	244
289	316	240
290	320	245
294	320	249
289	318	247
301	316	256
295	327	243
304	331	260
309	339	253
309	337	269
298	331	263
316	332	263
314	335	260
306	338	259
317	331	266
304	335	258
304	328	259
319	336	271
311	344	274
324	332	269
319	341	269
310	338	264
317	332	259
334	353	281
334	353	279
327	357	272
325	343	286
328	352	277
327	347	277
325	346	281
323	355	283
329	352	289
328	359	294
338	347	287
335	356	288
332	362	288
338	360	277
339	361	289
332	362	282
347	363	290
350	355	296
338	365	292
344	363	291
340	366	295
341	359	292
345	360	287
346	368	300
339	363	291
351	362	303
340	366	293
348	367	301
356	365	301
338	367	291
353	368	302
342	368	290
344	372	300
345	375	298
352	372	302
353	366	302
352	383	296
351	377	311
347	377	314
355	367	301
360	378	303
347	377	295
351	375	308
346	381	299
349	373	306
353	367	303
348	378	306
352	371	299
360	379	300
356	374	309
351	381	304
359	375	305
359	382	310
358	382	302
359	380	306
351	374	307
362	382	305
356	380	307
346	380	299
359	369	303
350	376	302
344	368	299
357	372	302
352	383	299
354	379	304
349	375	302
355	374	304
344	385	302
353	370	307
357	376	303
362	379	303
353	382	310
347	377	299
360	372	310
351	374	298
343	371	301
353	370	299
345	383	304
347	366	303
348	376	309
348	369	310
349	367	297
361	370	303
351	375	303
360	373	307
357	383	303
357	378	298
351	378	311
351	374	298
355	376	301
350	378	312
350	378	302
347	367	305
350	371	297
349	373	302
359	375	308
353	376	304
349	370	304
361	376	310
352	384	309
362	376	316
359	379	314
358	381	300
362	381	313
353	380	310
358	386	307
358	383	312
351	381	300
356	381	308
349	386	305
351	382	303
362	378	317
363	385	311
366	380	316
362	391	318
365	387	320
372	389	318
358	385	312
365	381	307
362	390	310
359	385	312
369	383	322
366	397	323
369	387	312
365	387	319
362	391	327
373	399	317
376	391	322
379	393	321
368	388	327
371	398	322
380	395	330
375	397	324
369	398	321
382	401	329
369	409	326
376	391	336
375	406	337
385	402	326
382	396	334
379	406	328
388	397	327
377	400	336
373	403	334
394	409	331
387	408	338
380	418	337
392	409	340
387	406	343
388	406	336
390	412	341
392	421	350
395	416	336
394	414	340
385	415	336
393	414	339
393	411	352
390	418	347
391	412	344
387	409	352
394	412	350
398	418	342
411	424	358
395	432	351
399	417	356
398	427	358
408	425	355
404	416	355
399	431	363
409	422	352
409	432	360
402	431	350
405	420	350
394	434	352
398	424	353
408	423	354
407	428	359
414	427	362
412	440	360
412	434	363
414	434	362
405	442	360
417	435	369
405	429	356
412	427	361
409	426	366
412	438	363
413	428	359
409	444	369
414	443	364
415	435	362
416	443	369
419	435	368
408	438	368
421	438	363
410	431	371
416	450	367
422	439	361
410	433	375
417	449	367
424	443	375
416	448	371
424	448	362
419	439	373
410	445	365
415	443	366
420	441	375
418	451	371
424	443	376
423	449	372
421	441	379
418	453	375
427	445	374
422	451	387
431	452	366
432	446	376
423	453	374
428	443	367
420	442	376
418	448	375
423	444	369
422	443	382
424	456	375
430	449	377
429	444	384
423	460	388
428	452	383
439	462	388
430	453	378
429	451	385
436	460	390
428	454	383
431	450	385
424	452	382
424	446	374
433	450	382
427	457	376
433	456	386
427	462	387
433	461	378
426	458	392
443	461	383
442	459	391
432	464	387
437	455	384
431	458	396
428	453	387
444	456	393
432	460	387
447	460	386
442	466	392
435	465	389
437	465	384
442	458	387
429	464	385
444	462	388
448	458	386
440	459	397
441	467	393
449	460	391
445	465	403
438	465	388
444	465	399
443	471	400
444	468	388
443	462	398
436	469	394
446	464	391
443	461	400
444	475	396
446	469	404
441	470	402
453	472	403
446	474	401
455	472	403
443	471	396
456	468	404
451	479	408
448	473	399
457	473	405
447	476	398
446	476	399
448	473	409
444	473	404
449	474	400
449	469	404
451	482	405
460	467	405
459	481	409
458	478	409
462	477	403
461	479	418
455	481	408
459	479	411
462	481	409
456	489	403
457	473	413
452	480	407
457	479	405
455	474	415
455	487	411
460	474	411
458	484	412
449	485	411
456	476	419
459	492	409
466	488	414
462	480	419
461	492	410
469	481	415
459	492	424
469	493	416
464	483	418
466	492	421
467	493	415
468	484	424
464	495	410
455	490	411
468	482	416
463	492	422
467	483	425
468	495	413
469	491	424
469	499	422
472	493	414
473	493	427
470	492	417
469	486	415
467	484	425
471	488	420
476	486	422
469	496	419
478	500	411
474	495	424
471	498	427
471	497	411
475	497	430
480	502	432
462	497	423
478	494	429
476	496	425
469	490	422
479	496	418
475	499	421
468	497	422
478	489	424
472	497	420
476	490	422
470	501	429
462	500	417
473	497	414
463	497	422
477	497	429
470	501	427
470	492	424
472	498	429
475	504	428
475	488	425
483	501	434
468	501	420
473	490	425
473	502	427
473	490	425
475	492	425
472	495	423
466	494	420
473	495	427
472	503	428
475	503	434
471	503	423
477	493	427
472	496	429
471	505	425
484	489	429
471	496	424
473	495	419
483	498	430
474	507	422
475	495	429
480	505	427
467	501	424
479	494	425
476	497	427
470	498	425
477	504	419
478	495	429
473	499	427
456	491	423
471	494	432
478	496	423
478	491	425
475	501	431
479	500	417
478	490	428
470	495	426
472	500	415
471	495	427
470	496	419
472	492	421
471	489	428
471	490	421
468	492	416
472	489	419
467	496	432
470	496	421
477	484	422
465	492	420
471	495	416
474	484	417
466	492	410
462	488	411
468	481	418
458	486	419
472	487	419
471	491	418
464	490	412
455	487	412
454	490	406
460	476	413
453	486	408
459	481	406
454	481	409
449	475	401
459	474	415
456	477	411
462	477	403
457	469	400
447	480	402
452	473	406
451	472	405
441	469	393
451	469	399
449	465	395
449	464	392
438	463	387
439	464	394
449	458	394
436	463	395
448	459	394
443	461	387
429	463	379
440	462	387
436	465	383
430	456	388
436	455	391
429	461	388
437	449	382
433	445	382
424	448	382
423	451	376
431	448	375
424	456	380
428	452	376
424	444	380
423	444	367
422	442	366
422	439	373
421	447	371
422	438	361
416	442	377
415	443	365
419	433	367
411	447	373
420	449	363
413	435	369
409	437	364
414	434	365
416	440	359
414	430	364
415	434	370
409	444	367
417	434	361
415	436	363
406	442	360
409	430	368
407	435	353
404	431	354
419	433	366
407	432	354
404	429	353
415	433	354
409	434	368
407	437	362
417	437	359
415	428	360
406	440	367
413	438	362
414	426	368
407	434	356
409	429	360
405	430	366
411	436	358
417	428	360
408	432	368
405	431	357
412	429	361
411	432	361
416	440	364
406	438	361
408	430	370
413	432	361
412	426	360
413	427	365
405	439	356
419	433	365
407	433	365
404	442	355
412	430	369
406	432	364
407	432	356
413	421	362
406	436	357
409	438	358
409	431	357
412	434	369
407	436	356
410	432	356
403	438	368
406	429	359
416	428	363
408	438	365
420	432	369
419	433	366
404	433	357
418	432	359
410	434	358
411	434	362
417	432	356
419	433	366
418	438	372
408	437	361
419	436	373
424	444	376
416	444	368
422	430	370
412	436	365
411	434	363
415	431	355
415	445	366
410	438	367
419	436	373
417	444	374
419	440	366
415	443	368
421	444	361
419	449	371
411	441	372
423	441	355
417	443	369
415	440	367
423	437	371
417	445	371
418	441	372
417	448	367
410	444	361
420	437	361
414	435	369
413	443	367
424	442	366
414	441	374
421	445	370
417	444	371
429	440	375
419	449	367
431	438	371
417	451	376
425	449	376
419	434	372
421	445	370
429	448	368
422	434	373
418	447	370
425	445	371
419	440	372
421	448	369
421	439	371
422	449	376
428	443	377
424	450	378
428	452	373
425	442	378
415	452	373
414	441	369
420	438	377
422	450	376
429	441	375
424	443	378
423	445	367
430	447	375
429	453	379
421	445	364
423	437	373
418	440	380
422	449	372
416	439	368
430	443	384
423	453	374
423	442	367
417	443	377
423	456	373
430	443	381
422	445	379
427	452	376
429	445	383
419	450	373
421	445	376
428	442	381
417	449	374
421	444	376
423	454	369
430	445	380
423	452	379
434	445	373
428	451	380
422	452	377
428	440	377
424	450	376
422	448	371
430	448	371
424	443	387
428	444	377
426	439	379
419	451	377
432	451	377
424	457	376
431	454	384
427	453	373
427	451	383
429	449	379
429	457	379
432	442	382
423	453	373
426	448	376
427	448	384
430	451	377
430	448	386
433	455	387
427	449	376
427	446	375
426	452	374
433	447	389
432	452	378
429	451	378
425	448	381
432	460	379
431	452	385
429	463	388
435	458	376
431	448	383
427	456	381
438	460	380
434	451	380
421	459	379
431	449	376
422	448	392
422	451	378
430	450	392
431	449	383
443	455	386
424	460	381
433	451	387
440	462	394
442	458	381
437	452	387
436	459	383
438	451	378
430	456	390
434	461	384
434	458	389
434	459	391
434	460	384
436	448	390
443	457	393
433	465	388
445	459	391
445	465	390
433	466	392
440	458	390
435	465	393
433	458	381
441	462	397
431	471	383
435	453	384
431	451	395
438	462	389
445	453	392
434	459	386
440	462	385
441	467	390
445	468	397
438	465	397
447	464	391
444	462	390
433	471	391
442	460	383
436	460	393
439	457	386
443	459	394
438	461	400
446	455	392
441	464	393
436	465	383
445	460	388
442	458	395
443	458	399
442	469	390
440	463	388
446	459	396
432	467	386
444	459	399
433	466	390
447	471	385
443	463	388
432	461	394
439	463	381
438	459	392
436	466	385
437	459	386
438	462	394
436	466	381
431	458	390
432	463	389
446	456	394
439	466	398
441	466	380
440	466	391
437	469	386
444	460	390
431	461	387
435	453	386
442	453	391
433	464	396
439	458	387
446	469	395
433	460	380
441	460	393
441	460	393
441	461	396
438	467	386
439	454	388
440	465	389
441	457	383
438	456	398
432	468	390
430	460	393
434	462	385
428	454	384
438	450	387
432	457	389
440	457	395
438	455	389
428	457	380
438	466	382
437	455	388
445	460	387
441	456	394
428	452	392
433	462	389
440	453	390
434	462	385
441	467	384
444	458	390
432	465	389
438	461	382
434	449	384
430	455	377
432	455	377
432	453	390
433	453	379
427	458	394
425	459	387
436	449	388
428	459	392
435	461	380
442	451	389
430	458	377
434	451	373
428	448	384
429	463	383
433	449	382
423	458	386
431	461	379
436	453	383
432	453	385
429	452	383
429	452	374
431	450	376
425	445	374
420	451	377
419	448	370
422	452	379
417	440	371
427	443	380
421	452	375
423	439	370
426	444	371
411	447	369
422	438	377
411	440	367
412	435	366
414	442	355
418	440	373
410	437	360
420	431	362
405	435	361
409	433	356
414	427	367
405	437	357
412	429	365
411	434	364
408	426	355
403	424	352
402	429	348
407	423	351
397	423	355
399	425	352
395	421	347
397	416	345
399	418	339
386	419	347
397	408	352
391	423	348
400	408	345
394	421	348
388	422	338
394	409	341
390	415	351
386	413	337
385	404	340
380	407	340
388	409	334
387	401	338
387	402	327
379	406	330
377	399	329
392	404	336
379	405	330
387	400	340
382	402	337
382	402	324
383	399	333
377	404	325
375	400	328
379	394	326
370	408	324
377	398	335
371	397	327
376	397	318
371	404	330
377	396	318
381	397	324
366	403	322
370	385	325
368	399	322
372	388	320
380	387	318
371	401	320
370	388	321
374	388	319
365	395	320
369	394	324
376	397	325
367	391	310
365	390	315
368	396	310
378	398	320
362	396	321
372	389	320
360	393	318
364	390	316
372	383	321
369	399	313
369	391	321
375	393	326
365	389	315
371	385	325
369	388	318
367	384	318
358	384	315
367	394	315
371	394	321
371	390	318
366	397	315
369	389	320
367	381	318
368	390	318
374	385	319
365	399	323
366	387	311
371	389	329
369	390	315
371	392	324
376	397	322
369	398	317
370	386	317
365	396	312
374	388	329
369	390	312
361	396	314
367	392	327
368	399	322
369	385	328
365	396	329
371	398	325
371	399	326
366	397	313
369	395	311
368	386	322
367	393	317
372	394	325
370	400	325
369	397	322
368	395	331
371	400	314
381	397	326
367	403	322
372	391	322
375	392	328
373	395	318
382	392	318
371	392	328
372	400	324
379	394	334
368	402	333
378	403	321
379	393	332
366	396	327
377	392	319
383	408	333
382	409	332
382	403	332
381	391	334
374	403	328
381	397	328
373	397	326
375	401	328
388	394	333
375	404	325
387	405	332
383	407	338
376	405	330
377	394	331
376	406	330
373	397	323
382	406	313
386	411	339
380	407	336
388	400	336
386	405	329
384	401	335
391	402	336
380	416	330
383	404	343
391	405	342
381	413	330
389	403	340
393	409	339
389	413	332
390	402	335
382	412	335
391	417	331
389	409	343
391	419	345
387	423	325
394	415	343
387	420	346
395	405	341
390	420	340
392	412	335
400	414	348
393	425	345
394	411	342
398	419	348
390	418	344
389	409	350
393	414	344
396	412	352
399	421	343
402	417	344
396	416	360
394	422	345
403	414	352
395	426	358
402	427	348
406	426	357
392	425	348
398	414	343
396	429	356
396	426	348
402	417	346
398	423	347
391	426	350
403	431	362
415	430	358
406	428	363
405	434	355
410	425	357
417	434	366
404	433	352
410	427	358
405	434	365
399	435	362
418	427	358
408	436	359
410	430	362
409	433	368
408	437	361
416	434	357
424	438	371
419	440	372
415	440	357
423	437	373
414	440	361
417	437	360
414	434	370
411	449	365
422	438	374
417	445	377
408	441	365
421	433	373
423	439	370
417	439	365
422	436	368
411	442	371
422	440	363
414	449	374
417	444	372
422	438	379
424	448	382
431	444	373
431	452	381
421	449	367
421	447	378
422	448	376
418	444	374
426	444	383
418	449	378
423	447	373
429	441	380
420	453	384
428	454	388
428	457	376
429	443	389
432	456	379
431	451	380
428	447	378
428	454	375
433	449	380
432	454	392
430	450	380
440	447	386
425	457	382
438	455	385
436	461	380
432	459	379
433	451	374
440	465	388
440	460	388
432	466	384
440	457	392
428	457	388
429	459	383
435	457	388
435	469	386
443	455	383
430	464	388
435	466	380
440	458	390
432	463	390
430	453	379
431	448	390
430	455	386
433	461	381
441	457	394
435	463	381
437	460	385
436	455	390
432	470	386
445	458	398
430	459	393
436	467	393
446	452	392
437	460	391
439	462	384
438	450	392
435	463	382
444	457	387
436	458	394
448	464	388
437	463	391
434	467	392
440	456	394
437	469	401
449	465	388
443	461	397
437	465	391
437	458	386
434	456	399
439	467	394
450	456	396
435	467	398
444	468	389
445	465	396
441	465	396
438	459	393
436	466	388
443	467	386
440	460	398
442	470	394
425	459	394
445	459	395
444	475	393
446	462	396
437	471	397
448	470	386
441	465	397
437	472	392
441	459	392
448	461	395
444	471	393
437	465	392
445	468	392
444	464	404
437	474	394
447	467	397
443	472	399
442	467	395
450	461	400
444	464	395
442	460	391
442	460	398
440	476	390
444	460	387
441	465	397
442	473	389
448	465	391
451	460	393
436	470	396
448	467	399
447	472	400
441	476	393
449	465	404
444	466	395
443	470	392
450	459	395
445	473	393
444	461	386
441	459	399
441	470	397
444	466	395
440	472	395
446	470	394
438	471	400
444	466	395
448	459	396
441	469	386
449	468	389
445	460	394
436	471	392
449	467	402
437	468	404
442	471	397
444	462	398
444	464	402
450	468	393
449	458	396
438	466	388
439	456	389
448	465	391
447	457	393
443	466	397
438	456	383
441	453	393
441	464	388
448	458	396
438	464	395
441	467	387
444	464	392
434	460	380
438	461	382
436	459	394
432	464	384
433	457	388
428	464	384
425	443	384
430	450	375
438	456	386
430	458	381
434	451	384
434	453	388
424	456	376
426	449	388
420	452	378
421	445	376
425	442	365
420	449	383
416	443	369
421	438	373
414	443	373
424	446	365
414	441	370
412	438	363
418	434	370
412	443	358
410	435	359
410	435	369
404	436	358
414	431	362
409	437	364
408	434	353
411	421	361
403	430	358
405	423	347
407	428	358
397	424	356
401	422	345
406	419	346
401	418	349
400	427	340
399	422	353
390	418	350
397	416	346
398	422	355
389	419	346
401	418	345
396	415	341
383	421	337
395	409	346
386	411	336
381	405	340
393	408	345
383	412	333
385	404	345
385	408	328
383	402	333
386	406	339
381	407	327
386	387	332
376	411	331
379	399	329
373	381	332
380	395	324
382	398	335
372	409	326
374	402	332
380	400	333
369	400	330
377	392	325
377	396	331
371	405	335
377	391	327
379	404	326
370	403	324
375	389	327
371	395	320
374	394	321
376	394	329
372	403	317
372	390	320
367	391	328
364	403	326
371	388	326
369	398	331
372	397	318
374	396	319
374	397	330
368	395	334
382	402	323
379	395	329
369	400	322
371	395	327
371	400	319
374	398	318
370	395	329
366	400	329
373	391	329
373	402	336
377	402	321
382	393	327
375	400	325
369	396	331
374	405	325
384	396	335
378	405	326
379	396	325
377	393	334
377	404	328
383	400	335
378	410	335
386	408	331
381	396	332
379	406	336
385	403	329
386	403	333
379	402	324
381	401	333
383	409	334
382	404	338
379	410	328
383	407	335
386	403	339
383	401	333
387	405	341
383	413	338
384	405	336
383	415	342
380	410	336
390	405	331
385	394	341
377	402	333
386	400	337
378	409	345
379	416	337
388	412	336
390	413	348
388	413	338
393	414	343
397	416	346
392	419	342
390	408	348
390	411	339
390	410	335
391	410	343
388	415	333
385	407	339
388	407	346
384	413	340
393	408	341
393	413	348
396	424	352
389	418	339
398	413	349
391	419	348
396	419	343
397	416	349
392	419	336
397	414	335
396	416	347
389	421	345
399	418	348
389	425	351
398	423	345
393	416	349
385	419	342
390	421	349
390	432	352
395	420	357
400	418	348
392	419	345
397	415	350
392	430	350
402	417	357
396	428	360
397	428	351
406	415	353
401	424	353
404	425	342
409	415	348
395	430	349
404	420	347
402	426	348
400	418	360
399	432	356
407	425	352
399	421	368
398	424	354
408	428	367
408	428	360
406	427	360
415	434	363
402	428	352
405	429	354
404	425	361
401	429	351
408	428	361
405	433	367
398	437	355
409	430	358
410	435	366
409	427	360
415	432	360
409	443	368
416	438	365
416	438	364
413	439	357
414	437	362
420	431	368
411	439	365
416	432	357
416	431	363
414	439	362
421	432	361
424	443	371
417	444	372
417	445	370
421	436	371
411	447	376
421	446	369
416	437	378
411	444	371
422	440	366
416	432	371
413	443	369
421	442	378
420	446	378
421	448	368
423	432	369
416	446	371
425	437	371
422	445	372
418	445	375
425	439	373
424	447	374
426	448	380
426	446	372
414	450	374
421	440	374
423	443	376
413	442	364
423	437	373
415	443	371
413	441	376
422	445	375
419	448	372
418	439	381
425	448	374
427	446	378
422	450	379
424	438	377
430	446	378
417	446	367
429	445	380
420	446	368
419	443	365
423	439	372
420	449	370
426	442	376
428	446	374
415	449	373
420	441	367
423	453	376
431	454	383
427	453	372
429	440	380
420	450	368
425	446	373
428	447	375
415	443	372
426	439	371
420	445	385
423	454	380
434	441	378
426	446	382
430	452	366
432	444	383
424	446	372
438	452	375
424	436	384
423	448	376
436	449	378
433	460	383
429	454	387
430	450	380
425	458	383
430	452	383
432	456	378
430	451	380
435	451	384
423	459	378
427	453	382
430	446	383
427	459	383
430	456	393
438	458	380
441	456	393
432	456	390
439	462	382
437	463	385
432	460	380
435	456	384
436	458	390
433	455	387
435	457	395
430	459	381
443	453	386
438	459	392
433	466	384
442	455	377
439	461	378
442	453	394
437	465	392
435	455	389
440	451	396
438	458	387
442	458	392
439	467	394
441	456	385
437	462	386
431	465	389
435	464	382
440	442	390
433	462	392
437	456	384
433	459	395
437	464	387
431	458	390
435	462	389
429	463	387
448	457	385
440	452	392
434	466	384
441	458	394
437	468	389
445	465	386
446	461	389
439	467	387
437	454	380
431	460	397
434	464	387
440	456	392
443	469	383
444	462	399
436	464	396
446	471	385
442	461	390
431	469	389
443	459	382
438	464	391
436	456	390
444	461	390
439	469	399
441	465	390
440	455	389
439	466	391
444	466	381
443	458	394
439	467	395
449	463	391
434	471	393
443	463	393
439	460	385
439	459	392
446	457	398
440	472	397
444	460	398
444	469	395
437	466	392
446	462	382
435	459	395
432	458	386
440	459	389
436	461	400
434	456	394
440	457	387
449	455	393
441	469	387
448	461	385
446	468	390
433	465	381
439	461	389
429	467	395
430	463	386
439	451	392
435	462	392
436	458	390
440	451	391
430	461	387
435	455	382
432	461	384
440	465	386
433	441	393
432	456	383
440	454	383
427	462	381
429	453	377
433	453	392
427	458	388
431	459	388
433	454	381
427	457	380
435	450	376
425	451	381
430	457	376
433	446	371
426	452	371
426	449	379
418	449	372
427	447	379
425	452	373
426	450	370
430	446	371
423	451	377
419	444	365
419	435	373
416	443	364
414	434	365
419	436	372
417	446	369
417	442	361
420	442	372
411	431	370
414	445	357
415	435	363
407	439	369
410	427	364
418	436	361
409	437	356
416	428	352
407	438	361
404	433	354
409	432	362
401	438	362
409	421	353
410	420	360
396	425	356
408	432	356
404	421	354
397	430	363
403	419	360
411	424	358
393	432	350
404	420	360
402	421	356
396	426	348
407	417	354
395	426	351
395	419	348
395	416	353
396	425	352
399	413	353
400	416	357
391	422	349
395	415	349
391	425	343
396	411	351
398	419	342
399	417	345
393	420	352
397	424	343
404	418	357
389	417	349
400	419	344
401	413	353
396	416	346
395	412	344
404	409	346
391	420	341
393	416	339
400	421	342
394	418	356
400	420	354
401	422	349
400	421	351
395	425	346
405	414	351
408	428	355
396	428	346
397	420	351
394	425	349
387	423	343
396	416	351
389	423	349
395	414	354
403	418	356
398	428	346
393	415	353
404	416	358
402	433	348
405	425	357
401	425	357
400	430	353
400	416	360
398	427	354
404	418	347
399	422	361
403	432	351
411	422	344
405	424	360
401	431	353
406	423	351
407	423	368
404	433	355
416	428	363
408	433	363
412	436	353
410	430	361
407	430	361
410	430	356
411	428	367
409	432	357
412	427	354
411	427	367
408	436	359
417	430	365
417	430	364
413	432	360
409	433	362
408	445	364
411	431	370
416	442	368
414	434	363
418	429	370
412	443	362
423	436	363
425	443	372
414	444	365
422	437	368
421	440	366
416	440	362
416	431	364
412	430	373
409	443	358
415	442	377
420	446	369
424	440	369
428	450	375
424	446	362
422	439	375
418	449	371
417	439	370
415	432	371
417	449	368
418	434	370
419	447	380
425	441	366
421	437	374
414	443	363
423	438	363
426	451	353
423	448	373
415	448	374
420	438	375
419	447	369
418	440	369
427	440	379
417	443	369
423	439	369
419	448	374
420	452	369
425	445	373
426	443	378
415	446	365
418	438	376
411	445	373
420	438	375
417	448	372
423	440	373
425	434	377
421	445	371
423	439	370
414	451	380
419	439	371
423	445	378
416	440	365
418	437	366
413	437	378
414	449	373
421	440	378
414	446	379
411	445	366
424	449	378
430	454	371
429	450	383
417	443	375
430	437	375
416	443	371
421	447	366
422	443	369
414	447	368
412	441	367
421	436	376
416	450	377
422	438	378
426	441	382
422	447	370
425	444	379
430	454	370
427	449	379
423	450	368
423	446	379
422	451	375
422	446	373
431	447	383
428	456	371
431	443	376
428	453	383
430	453	379
427	439	377
421	454	377
432	447	375
427	446	375
429	453	371
420	458	375
430	452	370
430	455	377
427	445	379
436	450	381
432	460	380
433	450	384
431	460	388
428	460	385
437	451	385
440	451	388
431	458	377
437	454	387
428	454	375
429	451	378
424	449	381
437	454	383
433	451	393
433	461	381
444	456	392
432	464	393
436	460	385
433	465	389
434	457	383
436	453	384
434	452	395
426	453	382
438	456	392
432	461	387
438	459	384
441	457	388
435	459	388
438	455	386
432	463	382
441	451	387
439	466	386
438	454	384
432	454	390
437	467	392
429	457	386
436	454	389
431	461	381
440	455	392
439	463	394
438	465	389
434	453	387
434	462	391
436	459	388
441	469	389
447	465	391
436	468	389
443	455	392
437	467	393
434	452	383
442	458	393
437	468	387
443	455	395
437	463	389
442	463	379
447	461	394
436	464	383
439	461	388
438	455	386
434	458	384
439	468	390
442	460	393
440	463	391
437	460	383
440	457	396
436	463	389
445	461	399
440	462	397
441	464	389
447	457	388
445	465	389
446	468	382
441	456	391
435	467	385
443	460	389
437	457	399
446	459	390
443	462	397
439	469	394
444	459	400
445	462	397
443	468	387
450	461	389
442	471	392
444	459	387
443	465	396
437	467	385
443	461	389
435	470	394
434	464	388
439	461	391
446	467	400
435	466	393
432	464	387
444	462	395
436	463	387
446	468	392
445	460	391
434	471	397
426	463	394
437	462	403
436	466	390
443	457	400
449	468	397
441	467	388
442	455	391
437	462	388
430	460	387
445	470	382
441	465	400
441	464	395
445	461	390
442	472	393
436	462	389
447	465	396
439	470	392
441	455	396
448	467	401
446	462	387
442	454	393
438	463	381
438	457	383
446	462	393
437	468	388
435	471	391
444	462	393
436	466	385
441	465	390
442	461	391
434	472	390
441	459	393
452	461	390
442	468	385
446	461	389
449	465	390
443	471	386
444	455	390
429	464	384
435	459	386
441	461	390
444	463	389
435	458	399
436	464	386
443	464	389
435	467	396
444	467	396
443	465	390
440	465	390
440	454	385
435	461	390
440	460	388
442	462	393
436	468	392
448	465	384
438	452	392
441	459	388
438	452	397
438	460	381
445	461	384
440	458	392
432	462	385
432	455	380
429	455	390
432	460	385
432	453	385
432	458	392
431	453	378
436	444	382
427	457	381
428	450	382
429	444	383
423	452	382
428	452	375
423	445	368
427	446	378
416	447	371
424	443	374
419	449	382
428	437	376
422	446	372
420	447	369
419	437	371
411	442	371
413	441	370
424	435	368
416	440	366
410	431	360
414	431	365
405	428	364
406	442	359
414	428	360
401	429	361
401	434	356
408	424	355
407	431	355
408	423	359
408	426	360
396	427	345
401	420	356
397	428	354
398	414	347
401	417	350
399	428	348
400	418	352
394	418	341
393	415	349
392	413	344
391	418	340
396	407	347
386	411	333
388	409	332
383	405	347
380	403	341
394	400	341
383	411	335
386	406	336
394	407	337
382	411	335
382	404	337
386	407	336
383	400	328
388	401	331
380	398	333
384	401	326
374	403	332
374	400	327
381	401	336
375	405	323
380	398	336
384	400	330
371	405	325
377	395	331
373	399	322
373	395	323
374	393	327
367	397	320
376	395	319
377	390	328
370	399	326
379	397	320
374	384	331
367	392	321
378	395	329
367	399	331
377	398	328
378	400	330
369	397	315
372	390	328
366	402	327
371	391	321
380	392	327
365	392	319
376	399	320
379	397	323
370	399	321
364	394	320
367	389	333
373	404	327
382	394	316
375	406	334
368	397	328
379	391	325
371	404	335
381	397	324
383	398	322
372	399	324
381	398	322
371	395	323
378	393	319
371	403	330
378	395	322
389	402	328
371	404	331
379	399	331
376	402	336
385	406	328
377	409	325
371	403	326
382	399	316
382	398	325
373	397	325
387	403	327
374	406	330
383	398	326
384	407	331
384	404	340
383	414	341
386	409	332
381	401	344
383	408	333
388	403	334
391	410	339
380	410	336
388	408	335
378	395	336
376	399	334
387	406	340
386	406	339
389	407	334
387	409	339
384	402	341
386	413	345
384	412	335
392	413	346
384	416	333
390	410	333
382	405	346
380	408	333
396	411	341
384	415	345
388	413	330
393	413	336
386	410	338
389	411	332
390	407	342
382	412	340
396	415	331
388	405	347
389	415	336
396	405	336
385	414	336
381	413	336
387	413	342
387	413	339
388	410	343
398	405	345
387	414	336
393	409	344
394	409	344
386	420	337
391	409	342
385	409	342
387	417	330
385	413	345
390	414	336
394	413	350
391	418	335
392	418	346
396	418	348
396	415	340
398	413	343
390	419	344
399	412	342
388	411	347
389	421	338
402	416	337
395	414	349
390	420	339
387	425	346
398	429	345
396	424	354
397	418	345
398	416	347
405	424	358
388	419	349
402	412	352
399	418	348
390	417	343
406	421	355
396	422	346
397	419	352
407	423	352
394	421	341
397	418	343
402	416	360
398	430	357
400	427	358
406	426	359
400	425	351
407	424	357
398	426	345
397	422	354
393	422	361
402	426	347
404	417	357
398	427	358
404	425	344
405	417	352
401	430	356
405	431	354
408	431	363
413	429	363
397	431	354
407	429	358
401	428	351
410	428	360
406	421	363
401	435	357
414	426	354
406	429	362
399	440	356
413	430	363
407	433	364
406	432	354
409	412	366
409	429	358
410	441	355
415	430	366
410	439	371
415	440	355
420	434	368
410	442	366
417	438	363
413	433	366
409	446	364
419	435	364
415	440	373
419	442	366
416	437	367
414	444	368
415	435	367
408	431	370
423	438	373
417	440	378
415	447	366
430	440	371
417	451	378
424	451	370
423	442	373
418	443	377
421	448	368
423	436	376
414	446	368
417	441	367
419	443	383
423	446	373
423	437	377
419	448	378
428	447	385
425	455	377
427	452	382
428	451	385
431	455	374
431	445	376
429	455	377
429	443	371
427	445	387
418	447	373
430	445	384
420	449	380
429	450	373
431	451	387
429	452	374
434	451	374
428	452	382
431	460	390
428	459	378
431	449	385
432	452	380
433	450	375
432	454	383
422	458	380
436	455	382
423	449	390
424	458	377
434	449	384
422	448	384
432	457	381
428	447	381
427	457	385
430	457	386
428	460	382
435	456	388
430	457	384
425	457	388
428	448	395
429	454	387
443	448	390
435	456	393
438	456	379
436	448	389
429	455	385
425	447	375
434	452	390
432	464	379
433	458	383
433	464	384
444	459	389
442	461	392
437	462	388
435	457	395
431	459	393
438	452	385
441	462	394
433	460	384
442	455	384
434	453	394
434	455	381
439	456	387
436	459	391
436	459	377
443	460	392
440	460	392
434	465	391
439	450	387
439	467	387
435	464	384
436	457	391
431	460	386
438	455	388
429	454	387
432	461	382
439	458	396
437	458	392
443	458	378
438	454	385
436	459	387
437	465	384
441	460	387
441	465	391
439	464	379
441	453	396
431	465	389
445	454	382
437	451	394
433	455	380
435	457	386
432	463	388
429	457	391
444	452	388
436	462	396
442	464	385
438	459	392
435	457	383
434	453	392
430	467	386
437	452	389
434	463	390
429	458	380
448	457	394
435	468	386
438	461	392
444	462	392
431	461	380
439	453	385
431	467	385
432	459	389
430	455	389
431	459	388
433	457	385
444	468	387
442	461	395
441	463	397
441	467	381
439	462	394
440	464	393
439	465	389
436	457	389
436	459	388
435	457	387
432	450	393
435	460	385
439	457	387
438	467	393
438	463	377
444	455	392
437	461	389
437	460	379
439	455	390
436	466	391
439	462	386
435	457	393
427	460	382
434	456	388
430	451	385
430	455	384
434	449	385
434	455	389
434	457	377
434	442	383
424	456	387
432	458	380
432	449	385
433	450	383
431	452	369
425	449	381
424	455	378
425	445	370
423	440	378
419	451	369
432	443	372
427	445	380
419	447	369
422	446	377
416	446	380
418	447	363
422	442	373
416	440	369
419	439	368
408	444	368
424	435	361
414	433	373
410	437	359
421	434	369
410	436	370
412	444	358
407	439	365
408	434	361
410	431	359
408	428	368
405	438	361
407	421	351
403	418	361
405	429	353
395	429	361
407	421	349
403	425	353
396	426	348
408	418	351
407	423	351
393	422	350
396	416	350
394	424	345
397	416	346
392	415	355
395	420	339
399	409	343
395	418	348
395	421	339
398	412	343
396	409	349
390	415	335
389	413	344
387	412	343
390	417	339
395	392	336
379	411	337
387	406	333
387	400	340
381	409	331
390	400	342
381	405	344
387	401	337
385	405	333
376	407	332
388	413	330
381	396	330
376	403	341
383	408	329
382	409	333
373	401	333
384	395	338
380	399	323
378	403	323
376	397	332
375	401	331
379	394	326
373	395	334
379	408	322
381	394	328
371	407	336
381	404	326
371	403	332
381	394	335
382	403	334
379	408	328
380	399	330
373	405	329
379	397	322
379	404	322
372	395	324
375	398	335
374	403	331
380	397	328
374	397	328
366	398	322
378	388	325
372	398	329
370	394	335
378	404	322
384	401	320
376	398	326
373	398	327
377	398	336
376	404	326
372	401	322
381	399	331
369	400	325
380	396	335
381	399	332
377	405	325
384	393	334
377	403	323
374	399	330
380	396	329
379	399	333
375	403	324
383	404	331
374	406	332
376	396	324
388	400	335
378	411	330
382	402	332
387	406	332
379	405	328
381	396	331
381	409	325
379	405	329
377	398	332
375	404	334
387	406	328
387	402	338
379	405	340
379	403	332
379	403	336
381	406	335
392	405	338
380	413	341
388	409	340
394	405	335
383	415	333
391	405	334
390	410	335
376	410	331
384	403	330
382	409	333
381	404	350
388	413	339
390	412	342
389	416	339
387	405	342
399	404	341
389	418	336
395	413	346
397	420	348
387	414	332
391	409	343
383	408	338
384	414	336
391	405	350
379	411	335
392	405	346
397	414	340
395	412	345
390	421	340
398	412	351
390	420	354
399	415	337
401	418	349
389	415	335
389	413	334
385	411	343
385	425	341
398	413	344
391	420	351
393	409	337
397	412	344
389	417	343
391	424	347
394	424	349
404	412	347
399	424	352
396	420	338
397	415	349
395	422	343
398	419	349
396	409	347
397	426	346
405	419	350
391	421	347
394	430	331
399	417	354
387	418	342
399	417	345
406	418	349
403	420	355
406	426	342
399	417	357
392	420	346
403	418	352
404	413	357
396	426	348
409	418	348
395	431	355
398	418	357
403	425	359
398	425	359
406	415	351
408	426	350
400	427	352
405	428	355
407	425	359
403	427	353
409	420	350
406	431	351
399	425	361
404	421	350
403	425	351
404	428	353
408	424	354
397	434	352
401	429	359
409	431	357
406	434	358
406	422	361
406	430	352
406	427	370
410	435	359
411	427	353
409	427	365
406	429	360
418	433	366
407	437	362
415	433	356
415	432	363
409	441	356
408	431	355
410	437	362
404	435	362
416	430	362
409	425	363
406	432	364
419	445	365
419	438	375
413	437	373
419	442	364
422	433	366
403	443	374
417	441	368
425	442	366
417	440	359
421	435	365
419	441	373
416	437	362
422	438	366
419	439	373
420	440	364
424	437	375
423	439	380
422	445	372
418	446	376
422	442	373
417	441	373
423	440	371
419	448	375
421	439	370
425	438	377
421	451	382
