398	423	343
403	423	355
393	426	363
400	426	347
406	410	354
393	416	349
390	418	348
404	415	351
390	424	353
389	422	350
400	406	348
395	423	348
398	420	345
383	415	342
401	411	355
389	414	347
391	400	333
376	399	336
392	397	346
375	401	347
382	408	329
378	395	326
376	395	338
376	402	329
382	396	328
378	396	335
373	402	332
383	392	321
373	392	323
379	404	327
371	398	327
373	387	335
390	425	347
402	423	351
406	419	366
406	438	369
416	431	365
424	432	377
424	451	392
429	447	386
435	461	387
446	468	408
451	478	411
462	489	409
469	494	433
479	508	443
478	505	444
496	509	457
569	597	534
587	613	546
590	619	559
618	638	572
613	652	588
636	663	590
654	662	606
661	682	613
667	694	629
683	706	646
703	722	661
699	737	664
724	746	678
727	750	691
737	767	702
748	766	708
767	766	766
766	770	763
767	762	755
764	763	767
763	769	761
767	763	762
770	767	765
764	767	758
760	767	764
760	762	767
762	763	757
767	760	752
761	759	770
760	767	766
763	765	764
767	770	765
765	770	767
768	769	756
770	767	766
759	769	767
762	771	762
761	764	764
763	770	758
757	767	764
769	759	767
761	767	767
764	771	761
765	764	764
762	769	759
760	766	755
770	763	765
762	768	760
767	771	753
764	762	764
766	759	761
755	766	759
766	759	760
757	770	766
767	765	759
771	767	763
759	767	764
770	760	757
763	765	762
762	772	763
767	767	761
767	764	765
761	770	759
766	768	754
765	761	762
766	770	763
764	767	765
765	768	763
767	774	762
766	762	762
760	767	756
757	767	756
767	763	762
763	770	766
765	770	760
769	762	760
754	765	765
760	763	759
768	758	757
764	758	766
769	771	757
767	767	763
757	769	762
764	765	758
760	765	768
758	768	759
770	765	760
769	770	764
757	772	767
764	765	762
770	760	763
765	767	759
759	765	766
769	760	766
763	767	768
769	771	756
756	764	767
764	774	763
767	754	759
769	767	765
755	767	765
763	768	767
765	765	765
763	765	757
761	766	759
765	762	764
759	769	764
767	763	761
764	763	767
764	769	757
767	765	755
766	765	766
766	757	761
758	767	763
764	766	756
760	762	767
758	769	764
767	772	760
766	767	764
762	767	755
767	767	766
764	768	763
765	767	753
770	767	761
767	767	768
766	767	756
768	762	759
765	766	762
760	764	762
764	770	757
767	762	759
763	771	765
761	762	757
767	767	765
766	769	763
769	766	757
771	772	761
759	767	766
759	764	759
763	763	760
763	768	759
762	775	765
766	764	765
767	768	759
756	762	765
760	772	765
767	760	759
770	766	766
758	761	762
770	761	760
762	755	767
756	768	762
767	765	765
767	767	765
762	772	765
762	760	760
764	758	763
766	770	758
762	766	767
769	770	768
763	771	764
760	768	755
767	762	766
761	767	763
767	771	769
769	770	767
764	769	761
767	767	766
761	760	766
764	775	762
766	769	764
769	766	764
762	767	759
768	762	757
765	764	765
766	762	759
768	772	742
770	766	743
765	770	728
765	767	726
758	762	723
758	773	712
760	765	710
754	768	708
745	767	688
745	757	689
734	748	689
729	748	675
717	733	670
725	734	673
717	737	670
689	734	653
676	702	625
682	684	627
666	694	621
666	680	614
660	674	607
652	673	598
648	669	606
650	668	605
638	668	599
638	659	585
633	651	577
628	643	591
616	650	577
615	637	567
617	629	566
608	634	562
585	605	522
575	598	530
572	593	524
571	588	516
570	578	512
556	583	515
547	574	509
561	574	508
551	567	497
539	569	491
542	553	493
535	555	493
529	554	479
525	541	469
520	533	472
510	548	477
494	518	445
481	501	441
489	497	439
477	507	441
474	493	420
468	483	423
466	481	427
463	483	412
461	474	417
465	473	409
445	473	404
450	472	397
451	465	399
437	461	397
438	466	383
435	445	387
403	426	360
400	424	349
410	425	359
394	419	353
397	420	347
402	405	351
386	404	332
385	408	332
382	402	335
375	400	338
365	397	330
368	400	323
361	377	322
361	382	318
357	377	309
359	367	311
334	352	290
334	347	277
334	347	282
322	352	272
322	345	276
326	333	278
309	337	270
310	331	268
315	324	256
312	316	265
301	329	252
307	317	249
302	324	247
294	319	244
294	313	247
287	304	242
272	291	230
265	294	223
265	286	220
262	282	226
260	286	206
266	277	206
257	281	213
244	268	208
252	264	199
246	270	203
241	266	203
247	254	197
244	266	196
234	260	204
237	262	187
232	247	190
210	241	178
218	239	159
219	226	173
206	230	158
203	226	159
207	220	164
195	229	156
207	211	146
201	216	159
186	219	143
200	214	139
195	209	143
186	200	131
187	200	131
174	193	143
172	208	133
158	175	115
160	181	110
144	177	108
155	170	110
143	179	100
150	159	100
138	160	106
138	166	100
138	158	92
132	160	91
140	156	78
136	146	84
121	152	72
122	145	76
121	140	89
115	137	64
95	113	45
95	124	45
101	107	50
90	109	50
84	105	45
93	101	46
76	102	30
84	100	39
75	98	26
83	96	41
66	101	27
81	86	24
67	100	26
71	87	18
61	87	22
69	78	18
35	61	4
43	73	0
33	57	0
43	49	0
40	50	0
30	55	0
24	50	0
17	48	0
22	49	0
23	47	0
16	43	0
15	37	0
11	28	0
19	31	0
13	26	0
18	23	0
0	14	0
0	7	0
0	1	0
0	15	0
0	9	0
0	0	0
0	8	0
0	0	0
0	5	0
0	0	0
0	6	0
0	0	0
0	0	0
0	0	0
0	0	0
0	0	0
0	0	0
0	0	0
0	0	0
0	0	0
0	0	0
0	0	0
0	0	0
0	0	0
0	0	0
0	0	0
0	0	0
0	0	0
0	0	0
0	0	0
0	0	0
0	0	0
0	0	0
0	0	0
0	0	0
0	0	0
0	0	0
0	0	0
0	0	0
0	0	0
0	0	0
0	0	0
0	0	0
0	0	0
0	0	0
0	0	0
0	0	0
0	0	0
0	0	0
0	0	0
0	0	0
0	0	0
0	0	0
0	0	0
0	0	0
0	0	0
0	0	0
0	0	0
0	0	0
0	0	0
0	0	0
0	0	0
0	0	0
0	0	0
0	0	0
0	0	0
0	0	0
0	0	0
0	0	0
0	0	0
0	0	0
0	0	0
0	0	0
0	0	0
0	0	0
0	0	0
0	0	0
0	0	0
0	0	0
0	0	0
0	0	0
0	0	0
0	0	0
0	0	0
0	0	0
0	0	0
0	0	0
0	0	0
0	0	0
0	0	0
0	0	0
0	0	0
0	0	0
0	0	0
0	0	0
0	0	0
0	0	0
0	0	0
0	0	0
0	0	0
0	0	0
0	0	0
0	0	0
0	0	0
0	0	0
0	0	0
0	0	0
0	0	0
0	0	0
0	0	0
0	0	0
0	0	0
0	0	0
0	0	0
0	0	0
0	0	0
0	0	0
0	0	0
0	0	0
0	0	0
0	0	0
0	0	0
0	0	0
0	0	0
0	0	0
0	0	0
0	0	0
0	0	0
0	0	0
0	0	0
0	0	0
0	0	0
0	0	0
0	0	0
0	0	0
0	0	0
0	0	0
0	0	0
0	0	0
0	0	0
0	0	0
0	0	0
0	0	0
0	0	0
0	0	0
0	0	0
0	0	0
0	0	0
0	0	0
0	0	0
0	0	0
0	0	0
0	0	0
0	0	0
0	0	0
0	0	0
0	0	0
0	0	0
0	0	0
0	0	0
0	0	0
0	0	0
0	0	0
0	0	0
0	0	0
0	0	0
0	0	0
0	0	0
0	0	0
0	0	0
0	0	0
0	0	0
0	0	0
0	0	0
0	0	0
0	0	0
0	0	0
0	0	0
0	0	0
0	0	0
0	0	0
0	0	0
0	0	0
0	0	0
0	0	0
0	0	0
0	0	0
0	0	0
0	0	0
0	0	0
0	0	0
0	0	0
0	0	0
0	0	0
0	0	0
0	0	0
0	0	0
0	0	0
0	0	0
0	0	0
0	0	0
0	0	0
0	0	0
0	0	0
0	0	0
0	0	0
0	0	0
0	0	0
0	0	0
0	0	0
0	0	0
0	0	0
0	0	0
0	0	0
0	0	0
0	0	0
0	0	0
0	0	0
0	0	0
0	0	0
0	0	0
0	0	0
0	0	0
0	0	0
0	0	0
0	0	0
0	0	0
0	0	0
0	0	0
0	0	0
0	0	0
0	0	0
0	0	0
0	0	0
0	0	0
0	0	0
0	0	0
0	0	0
0	0	0
0	0	0
0	0	0
0	0	0
0	0	0
0	0	0
0	0	0
0	0	0
0	0	0
0	0	0
0	0	0
0	0	0
0	0	0
0	0	0
0	0	0
0	0	0
0	0	0
0	0	0
0	0	0
0	0	0
0	0	0
0	0	0
0	0	0
0	0	0
0	0	0
0	0	0
0	0	0
0	0	0
0	0	0
0	0	0
0	0	0
0	0	0
0	0	0
0	0	0
0	2	0
0	0	0
0	11	0
0	1	0
0	7	0
0	10	0
0	10	0
0	4	0
0	3	0
0	9	0
0	9	0
0	10	0
0	13	0
0	18	0
0	13	0
0	12	0
15	24	0
15	32	0
12	29	0
22	31	0
10	35	0
10	39	0
11	40	0
17	47	0
16	36	0
22	32	0
33	40	0
26	39	0
33	38	0
31	49	0
17	42	0
27	52	0
37	66	0
32	56	0
49	59	0
45	70	2
38	70	3
54	62	7
46	74	0
57	69	5
58	76	19
60	71	8
53	84	19
69	78	17
73	90	26
70	84	30
63	95	23
67	92	29
85	116	43
101	108	52
95	126	50
107	121	57
99	132	52
106	130	64
110	124	71
114	138	72
122	132	74
118	148	82
132	139	81
132	139	91
126	158	88
140	155	88
129	166	101
143	172	89
177	196	130
177	201	127
187	205	151
187	213	143
188	213	148
202	227	154
196	226	150
211	224	165
202	237	167
212	227	163
217	240	166
212	229	185
217	249	175
236	239	194
224	253	196
235	266	186
263	280	226
264	296	227
275	284	228
276	298	229
282	309	230
282	294	243
287	306	248
286	313	239
284	304	238
290	306	254
295	330	253
296	315	255
301	330	260
292	325	253
302	321	256
316	325	263
324	341	289
329	350	285
332	351	289
342	349	294
339	370	290
337	362	293
350	362	307
340	370	303
340	360	296
352	362	308
353	368	308
356	373	304
359	371	314
364	380	315
351	377	307
357	372	312
370	388	324
363	394	321
369	393	324
375	392	332
367	397	329
370	395	327
382	394	331
376	401	341
377	395	326
379	394	330
371	405	344
374	401	329
384	397	333
381	400	335
377	406	332
381	397	323
387	402	352
379	409	340
396	399	339
383	414	350
394	414	340
388	404	343
386	411	348
378	414	340
385	414	344
397	411	347
382	409	346
386	410	334
392	402	347
383	413	344
388	411	337
397	408	343
382	409	339
389	399	333
389	406	340
379	413	338
389	404	338
389	410	338
382	408	336
382	402	331
385	406	336
378	399	339
374	403	330
383	397	344
390	397	337
369	395	327
383	394	322
377	394	335
361	394	324
370	391	326
378	383	323
370	389	320
365	392	320
367	392	326
373	389	324
357	395	320
363	378	312
358	381	328
368	390	313
363	381	312
365	365	312
352	377	304
354	378	301
364	380	312
352	364	305
347	379	308
339	365	300
362	364	307
352	378	311
349	369	291
352	367	309
350	369	300
337	367	299
349	355	287
347	360	301
342	370	291
337	356	293
344	364	294
330	360	296
327	355	287
325	352	282
337	350	288
328	353	287
327	352	286
328	339	283
330	359	284
330	343	277
334	355	275
320	356	277
320	349	276
328	346	281
319	350	279
324	348	276
322	336	274
314	335	275
317	349	274
314	331	273
316	343	274
315	344	266
317	332	276
308	344	268
307	337	271
315	327	272
318	335	277
306	342	271
317	329	264
313	337	266
303	341	263
313	330	265
315	326	267
309	334	270
308	338	267
314	335	262
318	329	273
305	341	278
312	337	260
311	334	270
311	339	262
304	333	268
313	324	264
310	333	270
308	340	263
317	335	260
313	327	275
303	338	273
313	325	264
315	319	261
313	337	271
313	342	280
318	337	260
318	332	272
312	335	263
303	336	265
317	335	269
313	328	277
313	335	265
324	331	270
317	335	269
306	343	265
312	336	271
325	338	277
312	336	275
314	339	267
322	340	265
314	332	275
313	335	277
330	331	272
322	345	280
321	352	273
329	341	280
310	339	278
322	341	278
324	339	282
336	343	284
323	351	270
321	339	272
315	342	283
324	353	275
316	339	281
336	344	285
316	350	279
332	346	280
331	350	284
322	363	286
328	347	287
334	354	289
320	348	291
331	350	279
332	348	295
321	348	289
323	361	285
335	352	293
336	356	297
332	352	284
337	347	283
335	351	293
327	363	302
343	361	287
340	356	296
331	363	292
330	358	295
344	353	288
334	361	294
344	368	289
339	362	289
340	356	305
333	366	293
342	360	296
337	359	293
335	366	298
334	362	298
346	360	296
340	361	301
340	369	296
338	366	291
352	361	299
345	373	306
349	376	301
350	363	303
352	368	307
340	362	295
346	355	304
351	354	304
339	373	299
350	362	300
351	375	305
344	374	310
343	359	298
349	373	303
349	367	315
347	373	307
350	375	305
345	365	315
352	379	306
355	367	305
362	382	308
353	371	306
359	379	311
352	370	316
346	378	317
352	380	307
357	372	313
354	374	312
356	373	310
360	380	309
357	389	314
359	387	307
359	371	318
352	379	308
352	380	307
365	375	311
357	378	317
363	388	321
364	378	317
368	377	318
357	376	313
353	377	316
372	382	320
365	389	326
364	389	307
366	387	321
369	382	329
364	393	333
370	391	317
366	390	332
361	384	318
364	392	326
380	383	326
370	391	323
368	403	324
370	387	323
369	398	329
370	385	321
383	390	331
372	401	326
370	402	331
376	405	330
388	394	334
382	401	339
385	400	331
386	398	340
377	401	329
379	400	338
369	394	332
385	394	339
375	406	348
387	407	330
379	401	344
380	403	335
375	405	341
392	395	339
385	405	343
394	409	345
385	411	342
393	409	352
380	409	358
392	411	323
391	407	347
386	417	342
383	403	349
402	407	355
387	416	346
386	411	337
387	408	345
393	404	351
393	417	345
391	414	344
393	407	353
393	427	346
397	414	359
397	418	346
394	425	350
402	417	352
399	427	354
388	421	348
394	416	353
403	413	354
396	422	350
394	413	349
406	415	353
391	427	357
393	418	347
401	418	345
397	415	362
405	422	356
404	424	356
398	423	357
408	427	350
403	414	358
405	430	358
392	425	357
410	426	359
402	432	361
398	430	360
403	427	352
402	420	364
398	427	357
404	423	351
406	414	359
404	421	355
402	433	355
406	430	363
404	423	361
402	424	357
391	428	363
411	419	361
409	430	361
405	440	356
412	420	362
408	425	363
399	431	360
410	426	359
409	421	368
405	427	368
410	434	362
404	423	367
402	427	361
403	434	369
412	419	366
418	413	369
404	430	357
408	427	355
418	433	368
408	435	367
411	439	365
420	426	364
407	428	362
410	428	367
417	425	367
412	428	368
405	429	369
409	427	359
412	428	377
416	438	358
417	430	368
411	439	370
410	442	366
407	429	362
417	427	375
410	433	374
410	439	370
415	434	372
416	424	372
404	431	363
404	434	371
421	422	369
403	440	364
415	438	357
420	443	367
420	436	372
413	434	369
401	439	374
412	430	363
415	436	378
414	447	372
426	432	375
419	439	369
416	436	369
407	437	364
424	428	373
411	437	374
412	440	380
413	436	368
420	437	375
422	440	383
420	444	363
423	444	376
415	445	381
417	442	376
421	441	370
418	432	380
417	447	392
429	446	368
428	434	377
415	444	371
419	442	376
429	440	370
432	448	377
419	450	376
428	443	372
417	440	381
416	451	375
426	443	379
429	446	376
424	449	377
427	444	368
420	442	380
424	454	377
423	442	378
427	427	378
416	448	377
413	444	378
426	442	375
433	438	386
416	453	385
428	453	373
419	438	380
425	453	376
430	446	381
429	450	378
428	454	373
425	448	373
419	446	377
418	435	383
419	452	384
429	441	386
429	445	387
421	446	378
424	439	377
429	442	382
423	448	381
423	444	373
427	435	368
425	435	377
420	444	375
421	442	364
427	437	377
408	444	376
410	439	372
423	436	376
415	441	373
414	436	369
414	430	361
415	423	367
411	432	363
408	431	366
418	423	370
414	430	371
404	430	354
405	425	365
418	419	363
401	437	368
410	435	357
402	413	355
402	419	355
400	422	357
407	413	352
396	423	356
399	421	342
393	418	346
389	417	357
392	423	351
394	409	356
402	414	343
393	408	340
384	409	343
385	413	346
388	410	337
386	399	336
396	412	338
375	406	333
383	402	330
379	398	337
377	401	340
381	397	333
385	394	335
386	394	335
370	397	323
380	397	328
371	384	328
369	400	319
372	391	329
366	395	325
366	381	314
364	388	331
361	392	318
374	387	312
367	383	325
361	383	321
357	388	320
361	380	316
362	376	326
359	382	315
359	376	303
370	384	309
353	378	311
359	385	310
359	372	319
359	375	307
354	375	305
354	373	303
353	371	313
351	374	307
362	369	302
362	380	312
354	381	302
347	377	305
351	364	310
349	380	316
351	375	306
359	365	302
351	375	310
348	375	314
352	375	301
356	375	302
344	378	310
342	375	303
359	364	296
346	365	305
348	375	309
351	359	297
351	366	307
350	372	297
351	364	297
351	373	306
346	367	301
343	381	301
352	366	308
344	365	305
343	378	302
352	369	310
355	376	312
354	381	298
349	375	303
346	363	312
351	378	309
346	371	306
360	367	308
355	370	306
350	372	298
361	371	305
353	376	309
347	380	314
349	380	301
355	372	314
348	380	312
360	380	307
353	377	317
358	377	301
363	378	308
355	377	323
356	377	304
358	374	309
360	372	322
358	378	319
364	379	308
365	372	309
349	372	319
355	380	310
355	376	315
371	377	319
365	370	315
363	383	316
367	379	320
367	389	326
358	385	312
369	389	318
363	384	317
355	391	322
363	382	321
367	389	323
360	385	319
355	383	318
361	380	310
361	377	324
355	393	323
377	383	310
363	386	334
361	396	326
370	387	328
378	393	328
362	401	321
367	389	314
374	386	327
371	389	317
362	390	320
370	390	328
363	397	331
361	391	317
364	381	323
370	382	329
372	393	322
375	402	322
373	389	333
370	391	326
367	388	322
378	388	335
375	390	331
381	404	322
378	391	328
376	398	322
370	392	321
372	394	323
380	397	328
369	392	328
374	389	320
370	387	330
367	391	323
375	385	330
383	393	338
369	398	327
378	389	322
364	390	330
368	404	331
377	395	330
377	397	336
371	399	325
376	391	335
382	388	332
364	393	321
365	392	320
375	388	325
370	396	333
380	405	318
374	386	339
372	395	329
377	398	336
375	397	336
374	402	331
380	394	329
381	400	341
378	394	328
371	396	330
376	392	332
370	401	339
381	406	323
381	396	338
378	396	329
375	397	324
390	401	333
378	403	338
378	404	332
388	396	330
385	405	339
382	407	333
386	405	344
386	402	348
373	403	341
392	394	336
379	398	339
383	408	332
389	406	344
383	407	347
387	407	340
386	408	338
390	403	338
386	407	342
382	421	342
389	412	338
389	406	347
386	420	349
389	405	342
404	408	350
387	419	350
393	414	349
387	404	347
390	410	349
386	414	348
397	409	348
395	419	350
388	422	338
393	414	337
392	411	351
385	419	351
404	413	348
406	420	356
387	425	348
399	415	343
395	409	355
393	412	350
399	422	354
404	418	358
386	419	345
396	414	353
398	406	350
397	423	345
403	414	344
398	415	354
397	420	355
403	423	352
404	411	359
399	433	355
400	425	359
408	425	365
393	418	350
397	424	354
410	419	358
400	419	364
398	427	351
402	424	359
404	433	360
397	429	355
397	420	353
409	415	358
407	420	374
408	423	354
414	428	359
408	425	366
406	434	360
406	424	357
412	427	366
403	432	356
402	426	360
411	422	363
405	433	369
407	431	355
404	431	350
405	411	372
400	435	357
400	426	358
403	423	356
406	437	366
408	440	362
408	429	372
417	437	374
402	433	360
420	429	361
411	428	366
413	431	365
409	429	365
416	428	368
425	440	368
413	437	359
409	434	366
418	434	372
410	436	367
424	436	378
420	437	378
409	438	368
414	435	361
415	429	377
408	431	371
424	435	366
416	424	377
407	436	373
413	436	367
417	429	366
420	434	375
410	433	368
416	431	362
415	429	361
412	424	380
420	442	365
418	429	367
417	438	377
413	437	365
419	440	378
427	435	374
416	442	376
419	441	368
423	433	371
414	433	364
407	442	366
416	427	367
418	444	376
412	443	367
417	436	368
417	436	370
414	441	377
412	436	374
425	441	372
420	432	380
423	449	385
421	446	363
419	441	371
414	444	371
408	437	374
417	430	374
415	437	375
415	441	386
421	448	366
421	438	381
419	441	369
420	448	376
426	444	375
420	441	385
421	451	373
417	441	384
430	442	387
423	440	382
420	447	378
426	445	376
422	435	383
421	449	378
424	442	370
424	437	382
418	443	376
415	446	373
428	444	379
419	443	384
427	444	376
429	445	378
415	454	385
411	442	375
430	444	387
425	441	382
431	454	367
423	443	381
419	447	373
417	440	375
422	437	373
432	446	381
416	443	382
424	440	373
427	433	377
420	431	380
431	441	381
420	442	380
424	441	367
426	443	374
408	437	378
412	434	368
407	440	371
421	434	369
407	441	382
412	441	363
417	427	373
412	430	366
408	431	368
422	431	371
418	435	364
412	435	365
410	432	364
411	426	368
406	425	366
404	427	357
411	422	360
404	417	365
401	431	357
409	417	358
409	420	363
394	418	351
407	423	353
397	417	354
389	426	348
384	413	344
397	410	347
397	413	346
386	411	347
388	417	337
394	404	341
385	411	351
379	403	335
385	402	333
375	403	341
372	404	335
383	389	337
379	403	341
376	407	324
372	395	325
378	395	333
362	397	335
372	396	325
373	392	334
358	390	324
359	391	323
366	383	326
358	394	315
364	383	323
364	380	319
361	385	316
367	376	315
368	377	318
354	381	316
365	385	309
361	374	317
358	375	301
349	375	306
357	372	312
360	370	314
350	370	301
350	367	299
341	359	312
342	373	302
351	371	298
350	376	304
342	370	304
348	374	301
352	355	301
341	365	291
339	359	289
347	357	300
340	371	306
332	363	293
341	360	287
340	354	298
344	369	301
341	364	287
346	357	289
326	364	296
330	357	288
345	358	297
334	364	298
339	363	281
343	356	300
332	361	295
338	350	288
341	348	293
331	362	296
343	364	286
338	351	287
329	357	291
339	360	290
331	364	286
339	357	287
329	358	287
329	358	287
346	354	297
334	359	294
333	362	287
346	355	290
335	355	294
336	363	290
334	353	289
328	348	295
326	354	289
338	358	295
334	344	287
329	357	300
336	361	293
345	354	287
345	362	302
335	362	296
336	360	291
347	352	300
337	363	300
341	366	281
343	352	287
340	357	300
334	366	286
342	355	294
341	363	297
330	355	306
347	359	287
336	358	293
334	365	296
348	357	303
346	362	302
352	369	298
348	359	277
337	370	303
338	373	294
353	368	304
353	360	310
344	369	305
344	361	293
349	359	296
347	348	309
342	376	302
346	370	302
346	372	296
350	364	314
346	381	302
354	370	308
360	375	310
343	374	301
354	370	297
356	368	309
345	378	309
356	381	306
356	367	304
344	379	307
344	370	301
349	365	307
355	372	312
354	376	317
360	381	310
357	375	319
352	388	320
358	385	310
357	380	321
363	378	316
357	384	303
356	378	307
367	375	324
352	385	327
357	379	315
362	379	322
361	385	321
362	386	319
368	382	318
366	384	322
363	388	316
368	380	320
358	385	319
359	388	326
376	378	324
374	389	326
363	388	312
362	384	311
362	386	327
362	399	322
370	385	326
365	384	329
361	391	318
358	388	324
368	385	325
372	384	331
373	398	328
379	387	323
371	390	330
360	389	326
380	392	334
372	401	329
369	404	326
371	384	328
368	391	333
369	397	328
373	391	329
381	385	334
374	391	334
375	397	321
373	391	325
378	400	331
365	401	344
385	407	324
376	400	338
374	393	339
376	393	327
393	404	334
377	407	340
382	401	333
383	392	337
371	403	331
367	407	332
386	401	337
373	399	343
373	407	332
382	397	326
380	397	342
384	409	337
385	409	341
386	403	345
377	417	341
378	408	337
392	408	351
383	414	350
388	411	341
391	403	345
387	403	350
390	402	339
389	404	343
386	404	342
383	418	344
387	422	341
391	408	344
387	408	357
394	420	350
391	413	352
398	414	356
383	414	350
391	412	345
398	412	354
389	415	344
391	418	341
396	410	351
392	418	350
380	411	344
394	407	358
389	414	351
398	419	340
401	415	350
391	424	356
391	413	353
409	414	353
396	426	362
402	422	350
406	410	355
394	420	347
394	416	354
404	413	353
394	424	362
391	421	352
397	412	347
402	409	360
400	423	359
395	417	359
405	417	364
400	427	360
408	423	355
399	428	357
407	423	366
404	425	366
403	432	357
409	424	358
406	430	359
395	427	366
405	420	363
407	433	372
394	428	362
410	425	357
402	428	360
401	434	355
411	431	360
412	435	368
411	428	379
412	440	359
423	434	372
419	434	366
406	439	371
412	431	362
411	424	369
415	444	370
411	438	371
419	429	367
410	436	375
410	443	368
417	438	370
413	438	376
411	435	374
416	438	369
415	432	377
409	439	371
416	432	372
422	436	369
431	445	377
411	444	375
425	437	369
419	436	381
415	446	371
421	440	377
422	443	376
417	441	372
418	434	370
417	432	370
415	429	379
422	447	371
424	441	385
412	439	376
417	440	379
424	433	375
423	447	382
423	442	370
417	440	370
418	439	374
413	443	374
414	443	373
423	435	378
410	442	385
420	444	376
415	437	373
416	439	379
422	444	376
409	448	377
427	437	371
426	439	384
421	453	372
425	437	372
429	432	375
422	448	376
421	444	376
426	444	380
412	445	378
411	442	368
422	436	365
422	431	369
410	439	368
412	452	370
434	439	376
419	433	380
424	449	377
423	438	375
427	445	385
421	440	384
427	440	372
428	433	378
415	442	372
414	448	377
419	439	371
432	446	381
415	441	367
421	444	374
429	440	379
418	443	379
420	434	381
423	446	385
410	441	373
423	440	378
423	434	383
423	449	371
425	437	372
421	447	377
421	442	378
414	443	373
428	439	386
418	443	384
422	446	374
418	434	371
420	433	378
411	437	367
422	433	378
419	444	385
422	449	374
425	434	379
420	448	370
419	436	374
421	436	366
419	435	375
417	444	383
417	442	374
409	431	379
417	433	369
414	429	366
422	427	371
421	434	375
406	439	359
414	437	371
420	425	365
414	436	362
407	439	366
409	433	363
405	423	365
408	436	364
410	431	364
408	425	359
401	429	353
406	428	357
381	426	363
398	431	363
393	425	355
402	422	362
409	420	358
395	424	355
399	410	350
403	417	346
385	417	345
396	407	342
394	409	350
391	415	345
383	409	348
388	398	340
389	409	349
382	409	337
391	404	337
382	393	344
378	405	338
386	399	342
379	404	341
378	396	326
365	391	327
380	393	327
367	398	340
365	396	316
371	383	322
365	389	316
367	385	318
372	379	324
358	389	329
360	389	311
360	379	314
354	373	323
353	390	312
357	372	311
368	373	313
361	373	311
358	367	305
347	371	319
346	373	310
358	365	308
356	373	305
346	373	317
350	374	305
345	365	306
347	361	300
337	365	293
355	363	298
341	365	298
340	365	288
345	363	292
337	360	305
332	360	305
343	361	287
342	357	293
344	349	303
341	374	294
338	363	301
346	362	305
329	364	297
337	353	285
339	359	301
334	367	286
338	354	292
337	365	295
336	365	297
332	360	291
333	356	293
338	347	291
330	363	291
335	363	295
332	357	300
332	367	295
333	358	291
348	353	298
330	357	303
339	363	285
344	355	296
337	357	284
324	359	285
338	360	289
338	365	290
328	367	289
341	356	294
335	361	298
347	365	301
337	363	296
341	358	294
335	355	309
338	367	291
344	360	302
347	366	305
342	362	291
342	366	296
351	358	300
342	366	307
339	369	295
342	352	294
353	367	298
335	363	290
344	363	306
344	372	303
351	360	304
343	374	306
341	377	299
344	360	302
344	368	310
344	377	299
347	368	293
356	366	302
345	373	303
352	378	297
351	363	303
344	371	301
347	363	299
356	369	309
351	373	301
347	369	307
343	369	304
358	370	308
356	370	309
353	376	304
359	374	310
351	375	303
342	365	301
359	368	306
359	377	314
353	371	303
361	375	305
353	369	314
349	380	303
359	377	313
368	371	305
354	374	319
358	382	307
360	378	311
363	383	317
349	383	310
359	380	304
353	375	321
350	370	312
351	378	317
368	374	314
360	382	317
366	375	309
361	372	310
358	372	315
357	387	313
364	384	316
361	382	315
361	384	321
357	381	310
373	383	311
355	384	318
350	385	311
366	380	318
354	374	325
359	390	320
364	382	317
370	375	318
358	385	314
360	378	306
367	377	312
354	381	321
372	384	320
372	391	317
353	388	323
360	380	313
361	381	324
358	390	316
366	382	321
369	380	327
355	389	323
366	380	315
368	385	321
364	388	322
362	393	319
361	373	316
363	383	327
364	383	313
366	384	333
365	389	324
373	386	325
365	390	329
370	386	334
367	392	316
377	380	321
359	383	323
360	386	324
375	383	325
365	394	335
374	395	320
367	387	322
364	386	333
366	394	321
376	384	330
368	388	344
376	390	321
375	394	320
377	399	337
368	394	331
375	394	327
372	397	335
380	386	338
368	400	328
377	395	336
388	405	336
373	401	344
369	399	323
379	394	340
377	392	330
369	392	328
387	404	338
378	403	337
374	405	339
372	399	338
390	397	341
379	408	350
384	405	334
383	395	339
386	405	338
380	401	332
389	407	348
375	413	337
373	414	337
382	400	337
382	400	346
378	405	334
371	407	345
386	408	350
385	410	343
390	406	347
387	416	349
388	420	346
390	410	341
399	415	348
381	416	338
387	413	337
393	416	344
383	416	352
387	416	346
396	408	350
390	413	343
387	413	346
398	420	349
391	421	361
390	417	340
399	417	349
387	421	354
397	426	353
398	412	350
399	418	360
400	424	353
403	422	345
394	420	354
397	427	352
394	415	355
398	410	353
399	421	358
389	420	347
405	418	361
408	416	362
399	430	366
406	417	359
401	421	365
401	423	357
400	426	359
407	418	363
403	431	365
407	424	357
403	427	362
404	421	368
397	429	353
395	422	358
408	420	357
405	433	370
407	435	362
413	431	371
405	434	370
405	433	367
412	427	367
411	431	367
406	429	366
413	424	369
420	419	369
402	431	365
417	437	355
409	426	361
408	420	369
403	438	359
417	427	361
420	432	363
405	432	365
417	429	365
413	437	376
407	442	376
414	439	359
418	429	372
412	440	367
408	436	361
410	427	365
416	439	370
408	436	368
414	439	360
421	436	366
415	439	375
409	443	369
418	436	360
417	442	368
408	438	374
420	430	369
421	443	376
415	439	371
425	430	377
425	439	376
417	431	372
420	438	371
415	428	368
410	439	374
416	445	365
418	429	368
421	446	370
414	442	367
418	431	368
419	434	381
417	443	374
421	436	378
424	432	376
422	443	379
413	442	369
424	436	375
423	437	372
419	443	381
420	449	376
427	440	377
424	443	374
422	439	366
398	442	368
420	433	370
409	442	378
426	442	368
417	436	368
422	441	383
418	441	386
424	448	374
424	443	377
424	432	383
417	449	375
429	441	378
431	448	378
424	438	376
417	434	375
424	438	377
418	439	379
416	440	387
420	441	374
415	447	376
418	439	377
428	442	377
427	445	378
420	449	374
428	435	383
420	446	382
418	436	380
418	435	371
435	434	376
418	442	382
420	440	365
424	436	381
419	439	372
415	445	371
419	445	375
419	434	375
423	436	388
412	444	372
425	436	379
429	444	377
411	441	367
429	440	366
423	441	380
415	443	382
424	450	368
423	441	378
415	446	368
413	441	372
425	440	373
425	438	376
412	443	380
412	425	365
419	429	371
408	430	375
416	440	364
411	431	372
421	427	367
413	433	366
408	422	356
403	423	371
400	431	367
409	425	364
411	416	370
406	423	358
407	420	356
407	420	352
404	425	356
402	417	342
393	415	358
395	412	349
395	414	347
397	410	346
387	423	355
387	417	343
390	401	346
384	412	350
382	417	348
398	403	343
397	411	339
387	415	336
390	399	330
379	406	339
381	410	335
378	393	329
371	403	340
381	399	323
380	390	331
369	393	331
374	389	324
379	392	333
373	400	332
365	396	320
369	387	326
374	392	333
366	389	323
353	381	321
369	382	328
366	385	324
372	391	314
360	386	316
364	378	321
360	389	316
356	384	310
361	376	316
352	376	307
356	374	312
361	373	304
369	385	317
356	379	302
360	379	307
347	366	311
351	380	310
363	369	312
357	375	306
354	380	303
360	381	308
351	377	302
356	376	316
340	370	305
357	365	300
355	364	304
339	376	307
351	372	310
359	372	311
356	365	307
345	375	302
351	367	296
339	367	310
346	374	306
343	361	300
351	369	308
353	373	298
353	367	303
351	366	310
342	367	314
350	371	294
353	363	300
338	372	298
341	366	305
346	364	302
344	372	309
346	372	299
352	363	297
347	361	304
337	373	294
356	369	303
349	368	298
351	374	296
343	367	305
349	374	300
349	365	299
344	368	307
343	371	308
339	369	300
350	368	300
344	367	306
340	380	301
353	365	306
355	362	306
346	377	308
350	369	299
346	361	305
346	367	300
359	373	307
352	370	314
353	367	310
346	379	299
351	373	296
349	377	316
348	385	314
360	376	317
361	372	314
358	377	303
354	371	307
354	373	307
354	379	313
353	383	303
359	365	310
352	372	304
356	388	319
360	381	320
364	378	316
361	390	309
355	384	303
371	373	317
362	385	325
365	387	313
361	379	323
362	391	321
357	387	320
364	384	313
362	376	322
359	385	327
362	387	316
368	380	323
364	388	327
364	391	329
374	399	312
369	387	331
363	392	327
364	381	321
371	385	329
364	389	326
367	400	319
368	388	328
370	375	330
368	402	321
373	387	328
369	390	325
361	392	322
363	390	320
369	394	331
369	402	320
371	397	331
379	398	330
364	397	318
381	395	317
367	391	336
373	402	324
372	390	322
384	385	326
370	396	338
362	394	324
376	386	325
369	384	333
373	387	328
372	387	324
372	398	330
365	394	325
376	387	329
377	406	327
379	396	328
382	393	334
376	401	342
378	399	333
378	394	336
378	394	335
367	405	325
384	395	336
387	403	327
369	404	327
378	401	327
378	393	339
376	400	343
367	399	330
379	396	344
384	405	340
373	401	325
389	395	337
384	407	335
370	408	335
377	392	326
377	397	344
381	403	330
388	399	333
384	403	342
376	407	337
378	397	329
381	398	336
377	407	343
382	404	342
386	401	329
381	395	339
382	411	333
375	408	336
391	400	347
376	407	344
387	408	335
381	400	338
385	404	338
380	408	334
389	401	342
387	406	347
371	412	339
389	400	338
380	409	340
376	403	344
395	410	349
385	411	345
394	417	345
388	401	350
392	408	347
388	411	346
399	405	342
394	418	351
392	418	341
394	407	340
386	406	351
386	418	346
395	405	339
404	411	352
395	424	341
392	406	359
386	412	350
394	408	344
406	411	348
391	423	355
397	415	342
395	407	351
398	421	355
388	415	344
386	417	343
402	413	354
396	419	357
399	423	353
402	407	352
391	418	349
396	427	345
405	429	360
393	422	360
405	429	354
399	416	358
402	427	350
388	429	356
410	425	361
401	426	369
400	425	353
404	424	349
399	420	371
406	430	355
412	422	364
415	432	366
401	429	359
409	438	363
415	429	363
408	437	364
405	436	365
411	429	370
404	407	380
412	434	363
413	427	362
418	431	363
406	435	372
410	435	361
406	421	370
409	426	361
409	429	362
415	425	363
414	435	371
414	434	376
412	438	372
419	428	374
421	435	377
408	442	368
411	435	365
414	430	380
410	441	371
418	443	371
419	429	369
417	443	374
407	431	366
420	429	371
423	440	376
413	442	376
422	441	371
416	439	375
411	444	378
427	435	378
426	438	370
407	445	376
415	434	365
413	431	378
411	445	380
416	445	373
417	437	374
422	437	381
418	440	376
410	432	367
421	436	374
415	441	382
418	433	368
419	448	378
425	434	379
421	446	379
415	445	370
423	440	378
415	436	385
409	451	377
424	433	374
425	448	375
415	446	378
423	440	377
432	437	383
422	439	379
420	442	365
422	437	369
424	438	375
416	446	384
418	453	372
426	444	378
417	441	380
415	444	370
427	445	375
421	438	379
417	449	393
427	440	379
419	435	384
417	445	375
416	441	374
429	434	382
426	450	388
416	439	369
425	439	371
419	442	384
427	451	380
433	449	376
433	446	390
422	451	377
429	445	378
433	447	386
432	450	386
428	451	373
424	444	378
420	448	381
419	453	378
424	450	379
436	448	382
425	454	389
422	447	376
425	447	391
422	455	382
432	450	386
438	440	384
429	450	384
428	449	376
425	447	377
427	442	395
420	449	380
431	448	383
436	451	391
430	447	378
425	446	373
431	441	384
429	449	391
432	450	383
434	449	377
430	445	387
429	452	387
425	453	377
428	444	385
418	439	383
418	450	384
428	445	387
433	440	379
413	452	385
426	450	369
423	438	378
418	446	373
416	450	376
427	439	376
423	446	378
409	442	365
415	434	368
422	431	369
411	439	379
412	432	364
410	420	370
405	433	365
411	433	366
413	432	369
411	431	365
404	428	351
408	423	359
410	426	365
409	426	362
405	423	350
398	423	355
398	415	354
384	411	345
406	416	355
387	424	353
396	411	338
396	398	349
387	413	340
386	410	339
399	412	348
387	409	347
396	412	347
381	399	340
387	407	340
382	397	335
375	397	328
387	392	339
383	401	323
379	399	335
366	391	328
377	389	320
371	396	330
367	394	325
368	403	326
370	390	326
366	390	322
360	389	311
369	383	316
364	380	319
357	396	321
366	379	319
367	386	322
358	377	315
364	383	308
359	374	321
349	380	322
356	388	303
364	373	294
350	371	313
353	380	314
359	373	313
359	373	314
346	373	306
357	376	305
351	365	306
345	380	310
354	372	311
354	369	304
352	370	306
352	380	308
349	366	310
356	374	303
333	377	315
350	369	303
351	371	314
344	370	301
341	369	305
349	359	303
351	371	304
346	373	295
343	365	303
343	369	296
343	377	296
352	365	310
350	369	302
344	370	292
347	359	305
349	363	292
344	369	293
347	368	304
343	367	305
347	375	297
348	363	299
342	370	297
337	363	300
348	359	299
342	363	304
343	368	292
341	360	296
340	340	304
344	376	299
352	363	305
344	366	309
340	363	303
347	363	301
340	370	294
334	370	296
349	364	306
343	367	309
341	372	308
340	366	291
346	363	305
341	360	299
337	364	292
352	361	296
351	370	307
342	367	296
355	363	295
359	360	303
346	371	309
346	379	304
344	359	304
345	373	301
343	367	296
358	367	300
349	374	308
349	376	301
349	367	301
343	362	308
339	369	300
352	370	312
355	367	307
349	371	310
360	378	310
356	369	312
359	376	310
351	379	309
357	370	305
353	371	311
349	380	311
354	378	308
365	375	311
361	373	311
347	379	305
353	374	305
354	372	315
352	383	312
362	374	313
355	379	315
364	376	310
351	382	316
360	373	315
357	380	323
368	388	313
359	375	309
356	378	327
353	389	318
366	378	313
370	386	321
354	383	305
356	384	310
354	383	323
351	381	317
360	378	309
364	375	311
362	382	311
364	381	320
360	383	315
361	384	321
361	375	321
365	389	328
362	384	321
366	378	308
369	383	315
356	390	320
353	381	322
366	378	325
357	383	328
359	385	320
363	382	318
364	377	323
366	392	329
369	391	315
375	388	323
359	391	319
357	379	324
372	384	327
364	389	328
370	393	316
377	388	325
365	387	318
359	391	321
375	385	327
378	392	331
358	391	325
374	385	321
371	385	321
367	390	335
369	404	319
377	391	331
374	396	321
376	399	320
378	391	328
378	402	336
369	395	327
377	396	332
378	387	328
366	395	327
369	393	332
377	387	337
371	395	332
382	406	322
377	394	334
376	390	333
379	399	341
381	397	334
387	399	339
376	399	330
384	395	338
384	398	340
381	405	330
388	403	324
391	401	337
377	403	337
376	405	329
384	397	334
382	410	340
376	403	333
379	404	334
390	401	343
381	411	337
395	403	343
388	406	350
384	408	338
385	406	334
389	406	345
386	414	336
391	401	337
392	404	351
389	406	344
393	414	342
388	409	336
391	387	342
379	415	345
384	407	343
383	403	348
387	418	343
386	411	350
399	408	351
395	422	351
390	411	346
395	397	351
390	412	348
389	414	350
401	407	345
393	417	356
398	418	341
395	417	349
385	416	349
389	423	343
393	420	351
399	415	351
389	426	359
406	420	356
412	414	359
397	425	355
408	426	350
400	421	357
403	422	353
398	423	356
404	417	359
400	420	366
399	424	369
411	427	352
408	412	360
404	421	356
399	425	357
406	429	355
407	416	365
400	424	358
406	422	354
412	427	362
410	429	369
400	426	352
405	431	358
397	418	367
399	434	364
412	426	363
418	427	366
408	422	359
398	424	358
407	425	358
401	421	364
406	436	359
416	425	367
406	435	367
398	427	363
419	419	360
404	431	371
412	440	364
411	423	360
411	422	363
406	432	361
404	429	364
415	422	371
406	432	374
414	433	358
408	420	362
405	423	376
416	432	372
419	437	358
414	426	371
407	433	367
403	434	367
418	429	367
407	441	374
409	437	362
413	425	370
410	432	363
401	435	368
421	427	368
422	428	369
401	434	368
413	433	357
418	425	367
405	435	373
407	440	365
415	430	361
416	430	377
413	447	361
411	427	373
420	432	379
415	434	379
420	440	364
413	426	372
410	438	375
413	438	369
419	428	372
419	431	370
407	433	374
416	427	366
414	434	374
406	436	374
424	429	375
419	432	368
415	438	370
417	434	359
414	433	375
416	446	376
417	442	372
418	426	374
410	431	372
411	437	368
424	435	368
423	428	375
411	432	373
415	431	367
413	435	382
418	438	378
420	439	344
427	427	372
411	437	372
405	442	375
426	432	371
414	429	377
411	442	365
417	430	370
422	438	372
417	441	366
414	435	366
422	429	374
412	437	376
398	440	366
421	442	372
424	442	377
424	447	381
408	443	378
424	434	368
394	436	380
415	445	379
418	449	370
422	430	369
411	440	370
409	445	371
410	436	371
406	427	376
410	439	378
413	440	373
416	440	375
410	437	378
421	448	384
421	441	366
420	445	376
412	440	376
409	434	375
428	436	380
420	438	378
419	437	368
419	437	366
413	432	375
412	440	368
416	437	374
415	430	372
406	433	372
411	433	365
418	437	365
407	443	382
413	439	359
423	432	370
410	442	370
408	430	365
408	436	368
405	440	372
409	433	365
417	425	367
409	429	365
409	436	364
407	429	363
413	427	361
404	427	362
405	433	355
406	420	352
397	417	358
398	429	352
405	419	364
398	421	363
402	415	350
401	422	351
393	422	360
394	423	352
397	424	340
395	417	351
396	418	355
386	409	352
398	414	356
396	409	346
372	419	350
392	408	343
396	401	351
382	415	351
382	403	339
392	410	343
382	402	333
369	404	335
392	405	327
373	397	342
378	409	333
379	392	333
380	397	339
376	402	329
382	393	322
376	394	333
378	401	337
376	392	323
378	389	320
366	391	336
368	398	322
372	379	333
373	390	326
365	393	324
371	384	322
373	381	321
359	392	328
368	393	317
371	383	319
363	388	323
364	379	319
367	383	315
362	381	329
369	385	315
369	360	315
358	376	310
359	382	307
368	383	320
352	381	315
361	386	314
360	376	319
364	375	315
351	382	312
357	370	301
350	373	315
351	379	310
352	382	303
355	364	312
357	372	307
345	378	315
355	380	299
363	375	308
356	374	306
349	369	302
359	370	314
353	373	314
354	375	303
359	366	306
352	382	303
344	377	306
352	369	315
347	371	317
356	379	306
352	364	304
352	361	311
353	373	307
343	378	309
356	375	300
354	366	311
350	386	312
357	374	311
361	379	306
353	377	318
353	390	312
362	370	318
346	375	307
351	375	311
367	368	317
357	378	315
354	379	309
365	376	300
361	378	325
360	386	317
364	375	316
362	389	326
352	381	316
358	375	311
359	383	322
355	383	327
366	389	309
361	382	320
355	384	314
358	383	311
364	373	316
356	379	328
359	388	328
365	387	319
368	381	330
365	387	316
373	392	321
370	383	324
364	390	315
360	385	322
365	388	323
370	376	326
368	393	324
376	387	319
367	396	328
362	394	327
368	385	324
378	384	326
361	392	333
370	394	316
373	386	326
380	388	330
371	392	335
377	405	320
378	385	323
375	395	327
364	399	334
373	387	335
371	393	334
374	399	328
381	399	330
372	389	330
365	404	329
370	391	327
376	389	331
372	401	340
384	408	335
390	396	339
372	401	341
377	399	327
385	403	334
374	414	341
380	403	333
380	400	337
381	390	341
376	404	329
389	404	335
383	402	337
378	407	327
370	404	335
386	401	343
372	404	344
388	411	327
382	404	340
376	399	333
380	399	331
381	394	346
377	409	333
383	403	344
380	402	344
378	403	331
388	403	328
379	397	334
371	408	338
378	399	329
381	385	338
381	402	341
373	397	333
378	399	336
381	405	343
385	413	333
386	395	336
369	409	338
370	395	335
383	397	342
376	402	337
370	411	332
386	397	345
378	399	334
373	397	332
380	398	331
372	388	338
371	403	333
384	406	332
380	399	327
375	401	335
374	406	339
384	389	341
382	399	336
377	405	336
388	404	335
380	403	349
373	408	334
372	391	337
386	405	346
377	401	333
379	399	328
383	401	336
380	401	328
376	401	334
384	396	328
381	393	349
377	412	334
385	405	335
383	406	342
380	412	341
388	402	337
381	400	342
380	401	332
372	404	339
392	400	343
380	407	339
383	404	337
389	397	344
378	407	333
383	409	332
390	411	334
392	407	350
383	407	344
381	414	346
393	401	349
384	418	348
390	418	347
388	403	348
387	408	344
387	411	339
396	405	349
384	414	345
372	414	343
388	413	337
383	409	350
393	412	340
401	409	347
393	421	362
391	421	355
400	416	350
396	414	351
396	424	352
407	419	352
396	425	357
398	423	366
394	422	347
400	417	358
400	414	357
393	418	360
407	412	358
395	426	361
399	423	352
411	434	357
401	414	362
405	427	367
401	432	358
401	416	358
403	427	367
401	428	363
410	428	366
411	429	365
403	421	358
407	427	359
405	423	364
399	427	363
401	438	361
410	430	364
413	434	363
408	429	375
413	442	362
416	434	371
405	438	370
415	426	366
410	428	365
405	427	373
415	442	371
414	433	355
409	430	372
412	439	363
406	431	362
411	428	369
410	431	369
415	440	370
418	432	362
412	440	369
408	437	373
421	429	369
409	442	383
417	436	365
417	436	372
